# relative_time, cycles_done, cur_item, corpus_count, pending_total, pending_favs, map_size, saved_crashes, saved_hangs, max_depth, execs_per_sec, total_execs, edges_found, total_crashes, servers_count
60, 349, 0, 2, 0, 0, 18.95%, 0, 0, 2, 2382.06, 139956, 18, 0, 0
65, 377, 0, 2, 0, 0, 18.95%, 0, 0, 2, 2284.86, 151352, 18, 0, 0
71, 405, 0, 2, 0, 0, 18.95%, 0, 0, 2, 2210.18, 162506, 18, 0, 0
76, 434, 0, 2, 0, 0, 18.95%, 0, 0, 2, 2310.27, 174154, 18, 0, 0
81, 464, 1, 2, 0, 0, 18.95%, 0, 0, 2, 2296.37, 186161, 18, 0, 0
86, 494, 0, 2, 0, 0, 18.95%, 0, 0, 2, 2363.12, 198009, 18, 0, 0
91, 523, 0, 2, 0, 0, 18.95%, 0, 0, 2, 2269.66, 209462, 18, 0, 0
96, 552, 0, 2, 0, 0, 18.95%, 0, 0, 2, 2218.66, 221006, 18, 0, 0
101, 580, 0, 2, 0, 0, 18.95%, 0, 0, 2, 2220.04, 232406, 18, 0, 0
106, 609, 1, 2, 0, 0, 18.95%, 0, 0, 2, 2230.78, 244006, 18, 0, 0
112, 636, 0, 2, 0, 0, 18.95%, 0, 0, 2, 2141.51, 254861, 18, 0, 0
117, 665, 0, 2, 0, 0, 18.95%, 0, 0, 2, 2238.45, 266550, 18, 0, 0
122, 694, 0, 2, 0, 0, 18.95%, 0, 0, 2, 2277.70, 278052, 18, 0, 0
127, 723, 1, 2, 0, 0, 18.95%, 0, 0, 2, 2298.31, 289607, 18, 0, 0
132, 753, 0, 2, 0, 0, 18.95%, 0, 0, 2, 2324.32, 301408, 18, 0, 0
137, 781, 1, 2, 0, 0, 18.95%, 0, 0, 2, 2287.57, 312852, 18, 0, 0
142, 809, 1, 2, 0, 0, 18.95%, 0, 0, 2, 2255.71, 324107, 18, 0, 0
147, 837, 1, 2, 0, 0, 18.95%, 0, 0, 2, 2225.26, 335161, 18, 0, 0
152, 865, 0, 2, 0, 0, 18.95%, 0, 0, 2, 2240.86, 346306, 18, 0, 0
157, 894, 0, 2, 0, 0, 18.95%, 0, 0, 2, 2300.19, 357954, 18, 0, 0
162, 924, 1, 2, 0, 0, 18.95%, 0, 0, 2, 2317.29, 370108, 18, 0, 0
167, 954, 0, 2, 0, 0, 18.95%, 0, 0, 2, 2298.62, 381907, 18, 0, 0
172, 984, 0, 2, 0, 0, 18.95%, 0, 0, 2, 2393.02, 394009, 18, 0, 0
177, 1014, 0, 2, 0, 0, 18.95%, 0, 0, 2, 2374.24, 406056, 18, 0, 0
183, 1044, 0, 2, 0, 0, 18.95%, 0, 0, 2, 2309.17, 418054, 18, 0, 0
188, 1073, 0, 2, 0, 0, 18.95%, 0, 0, 2, 2299.74, 429452, 18, 0, 0
193, 1103, 0, 2, 0, 0, 18.95%, 0, 0, 2, 2417.96, 441758, 18, 0, 0
198, 1134, 0, 2, 0, 0, 18.95%, 0, 0, 2, 2438.65, 454158, 18, 0, 0
203, 1165, 0, 2, 0, 0, 18.95%, 0, 0, 2, 2460.23, 466560, 18, 0, 0
208, 1196, 1, 2, 0, 0, 18.95%, 0, 0, 2, 2386.88, 478609, 18, 0, 0
213, 1227, 0, 2, 0, 0, 18.95%, 0, 0, 2, 2407.48, 491156, 18, 0, 0
218, 1257, 1, 2, 0, 0, 18.95%, 0, 0, 2, 2402.96, 503210, 18, 0, 0
223, 1288, 0, 2, 0, 0, 18.95%, 0, 0, 2, 2363.15, 515409, 18, 0, 0
228, 1317, 0, 2, 0, 0, 18.95%, 0, 0, 2, 2346.10, 527156, 18, 0, 0
233, 1347, 0, 2, 0, 0, 18.95%, 0, 0, 2, 2389.59, 539156, 18, 0, 0
239, 1379, 0, 2, 0, 0, 18.95%, 0, 0, 2, 2437.99, 551958, 18, 0, 0
244, 1409, 0, 2, 0, 0, 18.95%, 0, 0, 2, 2427.31, 564158, 18, 0, 0
249, 1439, 0, 2, 0, 0, 18.95%, 0, 0, 2, 2368.86, 575909, 18, 0, 0
254, 1471, 0, 2, 0, 0, 18.95%, 0, 0, 2, 2419.10, 588610, 18, 0, 0
259, 1496, 1, 2, 0, 0, 18.95%, 0, 0, 2, 2065.78, 598903, 18, 0, 0
264, 1520, 0, 2, 0, 0, 18.95%, 0, 0, 2, 2016.21, 608502, 18, 0, 0
269, 1550, 0, 2, 0, 0, 18.95%, 0, 0, 2, 2293.30, 620208, 18, 0, 0
274, 1581, 0, 2, 0, 0, 18.95%, 0, 0, 2, 2454.81, 632810, 18, 0, 0
279, 1612, 0, 2, 0, 0, 18.95%, 0, 0, 2, 2463.67, 645060, 18, 0, 0
284, 1644, 0, 2, 0, 0, 18.95%, 0, 0, 2, 2521.35, 657912, 18, 0, 0
289, 1676, 0, 2, 0, 0, 18.95%, 0, 0, 2, 2529.13, 670712, 18, 0, 0
294, 1709, 0, 2, 0, 0, 18.95%, 0, 0, 2, 2563.42, 683813, 18, 0, 0
299, 1740, 0, 2, 0, 0, 18.95%, 0, 0, 2, 2501.95, 696361, 18, 0, 0
304, 1772, 0, 2, 0, 0, 18.95%, 0, 0, 2, 2540.45, 709161, 18, 0, 0
309, 1804, 0, 2, 0, 0, 18.95%, 0, 0, 2, 2548.91, 722012, 18, 0, 0
314, 1836, 1, 2, 0, 0, 18.95%, 0, 0, 2, 2544.79, 734913, 18, 0, 0
319, 1869, 1, 2, 0, 0, 18.95%, 0, 0, 2, 2543.50, 747861, 18, 0, 0
324, 1901, 0, 2, 0, 0, 18.95%, 0, 0, 2, 2549.14, 760761, 18, 0, 0
330, 1934, 0, 2, 0, 0, 18.95%, 0, 0, 2, 2552.06, 773861, 18, 0, 0
335, 1966, 0, 2, 0, 0, 18.95%, 0, 0, 2, 2541.25, 786612, 18, 0, 0
340, 1998, 0, 2, 0, 0, 18.95%, 0, 0, 2, 2560.48, 799661, 18, 0, 0
345, 2030, 0, 2, 0, 0, 18.95%, 0, 0, 2, 2544.31, 812412, 18, 0, 0
350, 2063, 0, 2, 0, 0, 18.95%, 0, 0, 2, 2561.39, 825561, 18, 0, 0
355, 2095, 0, 2, 0, 0, 18.95%, 0, 0, 2, 2544.64, 838361, 18, 0, 0
360, 2144, 0, 2, 0, 0, 18.95%, 0, 0, 2, 3564.76, 857833, 18, 0, 0
365, 2194, 1, 2, 0, 0, 18.95%, 0, 0, 2, 3833.22, 878038, 18, 0, 0
370, 2244, 0, 2, 0, 0, 18.95%, 0, 0, 2, 3825.07, 897838, 18, 0, 0
376, 2294, 0, 2, 0, 0, 18.95%, 0, 0, 2, 3829.52, 917839, 18, 0, 0
381, 2342, 0, 2, 0, 0, 18.95%, 0, 0, 2, 3922.26, 937140, 18, 0, 0
386, 2391, 0, 2, 0, 0, 18.95%, 0, 0, 2, 3921.08, 956961, 18, 0, 0
391, 2442, 1, 2, 0, 0, 18.95%, 0, 0, 2, 3924.29, 977140, 18, 0, 0
396, 2492, 0, 2, 0, 0, 18.95%, 0, 0, 2, 3971.74, 997041, 18, 0, 0
401, 2542, 0, 2, 0, 0, 18.95%, 0, 0, 2, 4033.92, 1017342, 18, 0, 0
406, 2592, 0, 2, 0, 0, 18.95%, 0, 0, 2, 3941.14, 1037340, 18, 0, 0
411, 2643, 0, 2, 0, 0, 18.95%, 0, 0, 2, 3956.05, 1057662, 18, 0, 0
416, 2690, 1, 2, 0, 0, 18.95%, 0, 0, 2, 3707.63, 1076262, 18, 0, 0
421, 2736, 0, 2, 0, 0, 18.95%, 0, 0, 2, 3666.76, 1094661, 18, 0, 0
426, 2785, 0, 2, 0, 0, 18.95%, 0, 0, 2, 3801.88, 1114561, 18, 0, 0
432, 2835, 0, 2, 0, 0, 18.95%, 0, 0, 2, 3784.80, 1134237, 18, 0, 0
437, 2881, 0, 2, 0, 0, 18.95%, 0, 0, 2, 3685.26, 1152936, 18, 0, 0
442, 2927, 0, 2, 0, 0, 18.95%, 0, 0, 2, 3557.39, 1171361, 18, 0, 0
447, 2978, 0, 2, 0, 0, 18.95%, 0, 0, 2, 3900.41, 1191739, 18, 0, 0
452, 3030, 0, 2, 0, 0, 18.95%, 0, 0, 2, 3947.57, 1212361, 18, 0, 0
457, 3079, 0, 2, 0, 0, 18.95%, 0, 0, 2, 3870.58, 1231839, 18, 0, 0
462, 3126, 0, 2, 0, 0, 18.95%, 0, 0, 2, 3798.88, 1250838, 18, 0, 0
467, 3175, 0, 2, 0, 0, 18.95%, 0, 0, 2, 3807.57, 1270338, 18, 0, 0
472, 3213, 0, 2, 0, 0, 18.95%, 0, 0, 2, 3138.37, 1285424, 18, 0, 0
477, 3252, 0, 2, 0, 0, 18.95%, 0, 0, 2, 3172.97, 1301125, 18, 0, 0
482, 3293, 1, 2, 0, 0, 18.95%, 0, 0, 2, 3241.76, 1317427, 18, 0, 0
487, 3337, 1, 2, 0, 0, 18.95%, 0, 0, 2, 3297.24, 1335028, 18, 0, 0
493, 3381, 0, 2, 0, 0, 18.95%, 0, 0, 2, 3448.22, 1352961, 18, 0, 0
498, 3423, 0, 2, 0, 0, 18.95%, 0, 0, 2, 3217.66, 1369661, 18, 0, 0
503, 3467, 0, 2, 0, 0, 18.95%, 0, 0, 2, 3387.08, 1387361, 18, 0, 0
508, 3512, 0, 2, 0, 0, 18.95%, 0, 0, 2, 3468.30, 1405261, 18, 0, 0
513, 3557, 0, 2, 0, 0, 18.95%, 0, 0, 2, 3493.99, 1423031, 18, 0, 0
518, 3602, 0, 2, 0, 0, 18.95%, 0, 0, 2, 3428.89, 1441130, 18, 0, 0
523, 3645, 0, 2, 0, 0, 18.95%, 0, 0, 2, 3415.09, 1458430, 18, 0, 0
528, 3693, 1, 2, 0, 0, 18.95%, 0, 0, 2, 3774.89, 1477636, 18, 0, 0
534, 3740, 0, 2, 0, 0, 18.95%, 0, 0, 2, 3714.06, 1496361, 18, 0, 0
539, 3780, 0, 2, 0, 0, 18.95%, 0, 0, 2, 3224.31, 1512561, 18, 0, 0
544, 3827, 0, 2, 0, 0, 18.95%, 0, 0, 2, 3552.25, 1531233, 18, 0, 0
549, 3875, 0, 2, 0, 0, 18.95%, 0, 0, 2, 3638.20, 1550261, 18, 0, 0
554, 3916, 0, 2, 0, 0, 18.95%, 0, 0, 2, 3321.58, 1566828, 18, 0, 0
559, 3946, 0, 2, 0, 0, 18.95%, 0, 0, 2, 2491.17, 1578612, 18, 0, 0
564, 3974, 0, 2, 0, 0, 18.95%, 0, 0, 2, 2297.28, 1589907, 18, 0, 0
570, 4009, 1, 2, 0, 0, 18.95%, 0, 0, 2, 2604.19, 1603861, 18, 0, 0
575, 4052, 0, 2, 0, 0, 18.95%, 0, 0, 2, 3280.34, 1621261, 18, 0, 0
580, 4100, 1, 2, 0, 0, 18.95%, 0, 0, 2, 3582.25, 1640333, 18, 0, 0
585, 4144, 1, 2, 0, 0, 18.95%, 0, 0, 2, 3310.55, 1657829, 18, 0, 0
590, 4180, 0, 2, 0, 0, 18.95%, 0, 0, 2, 2983.49, 1672461, 18, 0, 0
595, 4205, 0, 2, 0, 0, 18.95%, 0, 0, 2, 2029.94, 1682244, 18, 0, 0
600, 4225, 0, 2, 0, 0, 18.95%, 0, 0, 2, 1747.18, 1690530, 18, 0, 0
605, 4249, 0, 2, 0, 0, 18.95%, 0, 0, 2, 1709.14, 1700061, 18, 0, 0
611, 4290, 1, 2, 0, 0, 18.95%, 0, 0, 2, 2850.71, 1716218, 18, 0, 0
616, 4328, 0, 2, 0, 0, 18.95%, 0, 0, 2, 2841.37, 1731419, 18, 0, 0
621, 4342, 0, 2, 0, 0, 18.95%, 0, 0, 2, 267.88, 1737312, 18, 0, 0
626, 4369, 0, 2, 0, 0, 18.95%, 0, 0, 2, 1985.70, 1748100, 18, 0, 0
631, 4413, 0, 2, 0, 0, 18.95%, 0, 0, 2, 3041.30, 1765422, 18, 0, 0
636, 4455, 0, 2, 0, 0, 18.95%, 0, 0, 2, 3375.53, 1782561, 18, 0, 0
641, 4506, 0, 2, 0, 0, 18.95%, 0, 0, 2, 3844.57, 1802938, 18, 0, 0
646, 4551, 0, 2, 0, 0, 18.95%, 0, 0, 2, 3538.23, 1820833, 18, 0, 0
651, 4588, 0, 2, 0, 0, 18.95%, 0, 0, 2, 3119.51, 1835424, 18, 0, 0
657, 4626, 0, 2, 0, 0, 18.95%, 0, 0, 2, 2919.23, 1850820, 18, 0, 0
662, 4663, 0, 2, 0, 0, 18.95%, 0, 0, 2, 2981.29, 1865561, 18, 0, 0
667, 4702, 0, 2, 0, 0, 18.95%, 0, 0, 2, 2950.43, 1881021, 18, 0, 0
672, 4743, 0, 2, 0, 0, 18.95%, 0, 0, 2, 3247.48, 1897626, 18, 0, 0
677, 4787, 0, 2, 0, 0, 18.95%, 0, 0, 2, 3372.07, 1915129, 18, 0, 0
682, 4828, 0, 2, 0, 0, 18.95%, 0, 0, 2, 3244.46, 1931561, 18, 0, 0
687, 4872, 0, 2, 0, 0, 18.95%, 0, 0, 2, 3428.24, 1949361, 18, 0, 0
693, 4918, 0, 2, 0, 0, 18.95%, 0, 0, 2, 3534.82, 1967761, 18, 0, 0
698, 4964, 1, 2, 0, 0, 18.95%, 0, 0, 2, 3581.99, 1985961, 18, 0, 0
703, 4995, 0, 2, 0, 0, 18.95%, 0, 0, 2, 2696.55, 1998261, 18, 0, 0
708, 5028, 0, 2, 0, 0, 18.95%, 0, 0, 2, 2529.96, 2011613, 18, 0, 0
713, 5062, 0, 2, 0, 0, 18.95%, 0, 0, 2, 2901.01, 2025361, 18, 0, 0
718, 5110, 0, 2, 0, 0, 18.95%, 0, 0, 2, 3490.26, 2044332, 18, 0, 0
723, 5154, 0, 2, 0, 0, 18.95%, 0, 0, 2, 3422.31, 2061930, 18, 0, 0
728, 5201, 0, 2, 0, 0, 18.95%, 0, 0, 2, 3624.71, 2080834, 18, 0, 0
733, 5248, 0, 2, 0, 0, 18.95%, 0, 0, 2, 3588.14, 2099434, 18, 0, 0
738, 5292, 0, 2, 0, 0, 18.95%, 0, 0, 2, 3480.60, 2117361, 18, 0, 0
743, 5334, 0, 2, 0, 0, 18.95%, 0, 0, 2, 3254.02, 2133827, 18, 0, 0
748, 5376, 0, 2, 0, 0, 18.95%, 0, 0, 2, 3393.08, 2150930, 18, 0, 0
753, 5409, 0, 2, 0, 0, 18.95%, 0, 0, 2, 648.88, 2163850, 18, 0, 0
759, 5445, 0, 2, 0, 0, 18.95%, 0, 0, 2, 2771.11, 2178561, 18, 0, 0
764, 5497, 0, 2, 0, 0, 18.95%, 0, 0, 2, 3754.91, 2199136, 18, 0, 0
769, 5545, 0, 2, 0, 0, 18.95%, 0, 0, 2, 3767.10, 2218537, 18, 0, 0
774, 5596, 0, 2, 0, 0, 18.95%, 0, 0, 2, 3923.77, 2238940, 18, 0, 0
779, 5647, 0, 2, 0, 0, 18.95%, 0, 0, 2, 3916.44, 2259061, 18, 0, 0
784, 5688, 0, 2, 0, 0, 18.95%, 0, 0, 2, 3296.72, 2275428, 18, 0, 0
790, 5736, 0, 2, 0, 0, 18.95%, 0, 0, 2, 3613.60, 2294734, 18, 0, 0
795, 5782, 0, 2, 0, 0, 18.95%, 0, 0, 2, 3636.20, 2313334, 18, 0, 0
800, 5828, 0, 2, 0, 0, 18.95%, 0, 0, 2, 3679.99, 2331735, 18, 0, 0
805, 5873, 0, 2, 0, 0, 18.95%, 0, 0, 2, 3592.82, 2349433, 18, 0, 0
810, 5918, 0, 2, 0, 0, 18.95%, 0, 0, 2, 3602.68, 2367434, 18, 0, 0
815, 5965, 0, 2, 0, 0, 18.95%, 0, 0, 2, 3598.55, 2386234, 18, 0, 0
820, 6006, 0, 2, 0, 0, 18.95%, 0, 0, 2, 3360.83, 2402628, 18, 0, 0
825, 6053, 0, 2, 0, 0, 18.95%, 0, 0, 2, 3686.38, 2421635, 18, 0, 0
830, 6100, 0, 2, 0, 0, 18.95%, 0, 0, 2, 3768.37, 2440437, 18, 0, 0
835, 6149, 0, 2, 0, 0, 18.95%, 0, 0, 2, 3890.49, 2460140, 18, 0, 0
840, 6199, 0, 2, 0, 0, 18.95%, 0, 0, 2, 3909.02, 2480161, 18, 0, 0
846, 6249, 1, 2, 0, 0, 18.95%, 0, 0, 2, 3808.59, 2499961, 18, 0, 0
851, 6296, 0, 2, 0, 0, 18.95%, 0, 0, 2, 3786.02, 2518937, 18, 0, 0
856, 6345, 0, 2, 0, 0, 18.95%, 0, 0, 2, 3876.74, 2538339, 18, 0, 0
861, 6393, 0, 2, 0, 0, 18.95%, 0, 0, 2, 3818.13, 2557638, 18, 0, 0
866, 6442, 0, 2, 0, 0, 18.95%, 0, 0, 2, 3808.26, 2577161, 18, 0, 0
871, 6490, 0, 2, 0, 0, 18.95%, 0, 0, 2, 3798.07, 2596237, 18, 0, 0
876, 6541, 0, 2, 0, 0, 18.95%, 0, 0, 2, 3988.17, 2616941, 18, 0, 0
881, 6589, 1, 2, 0, 0, 18.95%, 0, 0, 2, 3825.37, 2635961, 18, 0, 0
886, 6639, 0, 2, 0, 0, 18.95%, 0, 0, 2, 3871.22, 2656161, 18, 0, 0
891, 6687, 0, 2, 0, 0, 18.95%, 0, 0, 2, 3877.94, 2675239, 18, 0, 0
896, 6735, 0, 2, 0, 0, 18.95%, 0, 0, 2, 3788.29, 2694337, 18, 0, 0
901, 6785, 0, 2, 0, 0, 18.95%, 0, 0, 2, 3834.66, 2714338, 18, 0, 0
906, 6832, 0, 2, 0, 0, 18.95%, 0, 0, 2, 3856.31, 2733339, 18, 0, 0
912, 6883, 1, 2, 0, 0, 18.95%, 0, 0, 2, 3880.43, 2753439, 18, 0, 0
917, 6933, 0, 2, 0, 0, 18.95%, 0, 0, 2, 3993.65, 2773641, 18, 0, 0
922, 6985, 0, 2, 0, 0, 18.95%, 0, 0, 2, 4013.34, 2794441, 18, 0, 0
927, 7037, 1, 2, 0, 0, 18.95%, 0, 0, 2, 3986.50, 2815242, 18, 0, 0
932, 7087, 1, 2, 0, 0, 18.95%, 0, 0, 2, 3920.27, 2835261, 18, 0, 0
937, 7138, 0, 2, 0, 0, 18.95%, 0, 0, 2, 3923.95, 2855740, 18, 0, 0
943, 7189, 0, 2, 0, 0, 18.95%, 0, 0, 2, 3896.13, 2876039, 18, 0, 0
948, 7239, 0, 2, 0, 0, 18.95%, 0, 0, 2, 3934.72, 2895840, 18, 0, 0
953, 7289, 0, 2, 0, 0, 18.95%, 0, 0, 2, 3919.19, 2916040, 18, 0, 0
958, 7340, 0, 2, 0, 0, 18.95%, 0, 0, 2, 3890.19, 2936239, 18, 0, 0
963, 7390, 0, 2, 0, 0, 18.95%, 0, 0, 2, 3874.63, 2956339, 18, 0, 0
968, 7439, 0, 2, 0, 0, 18.95%, 0, 0, 2, 3868.43, 2976061, 18, 0, 0
974, 7489, 0, 2, 0, 0, 18.95%, 0, 0, 2, 3849.31, 2996039, 18, 0, 0
979, 7538, 0, 2, 0, 0, 18.95%, 0, 0, 2, 3809.77, 3015538, 18, 0, 0
984, 7585, 0, 2, 0, 0, 18.95%, 0, 0, 2, 3801.32, 3034437, 18, 0, 0
989, 7636, 1, 2, 0, 0, 18.95%, 0, 0, 2, 3879.12, 3054761, 18, 0, 0
994, 7685, 0, 2, 0, 0, 18.95%, 0, 0, 2, 3918.65, 3074561, 18, 0, 0
999, 7736, 0, 2, 0, 0, 18.95%, 0, 0, 2, 3907.79, 3094940, 18, 0, 0
1004, 7783, 0, 2, 0, 0, 18.95%, 0, 0, 2, 3791.10, 3113738, 18, 0, 0
1009, 7833, 0, 2, 0, 0, 18.95%, 0, 0, 2, 3821.55, 3133561, 18, 0, 0
1014, 7884, 1, 2, 0, 0, 18.95%, 0, 0, 2, 3897.69, 3153839, 18, 0, 0
1020, 7932, 0, 2, 0, 0, 18.95%, 0, 0, 2, 3795.88, 3173238, 18, 0, 0
1025, 7982, 0, 2, 0, 0, 18.95%, 0, 0, 2, 3755.81, 3193038, 18, 0, 0
1030, 8031, 0, 2, 0, 0, 18.95%, 0, 0, 2, 3827.35, 3212961, 18, 0, 0
1035, 8082, 0, 2, 0, 0, 18.95%, 0, 0, 2, 3877.52, 3233239, 18, 0, 0
1040, 8131, 0, 2, 0, 0, 18.95%, 0, 0, 2, 3820.18, 3252738, 18, 0, 0
1046, 8181, 0, 2, 0, 0, 18.95%, 0, 0, 2, 3844.26, 3272938, 18, 0, 0
1051, 8231, 0, 2, 0, 0, 18.95%, 0, 0, 2, 3803.55, 3292638, 18, 0, 0
1056, 8279, 0, 2, 0, 0, 18.95%, 0, 0, 2, 3849.97, 3311938, 18, 0, 0
1061, 8327, 0, 2, 0, 0, 18.95%, 0, 0, 2, 3839.89, 3331038, 18, 0, 0
1066, 8373, 0, 2, 0, 0, 18.95%, 0, 0, 2, 3757.14, 3349737, 18, 0, 0
1071, 8424, 1, 2, 0, 0, 18.95%, 0, 0, 2, 3898.43, 3370040, 18, 0, 0
1076, 8473, 0, 2, 0, 0, 18.95%, 0, 0, 2, 3859.30, 3389639, 18, 0, 0
1081, 8525, 0, 2, 0, 0, 18.95%, 0, 0, 2, 3960.22, 3410341, 18, 0, 0
1086, 8575, 0, 2, 0, 0, 18.95%, 0, 0, 2, 3888.57, 3430439, 18, 0, 0
1092, 8625, 0, 2, 0, 0, 18.95%, 0, 0, 2, 3840.80, 3450239, 18, 0, 0
1097, 8675, 0, 2, 0, 0, 18.95%, 0, 0, 2, 3917.67, 3470340, 18, 0, 0
1102, 8725, 1, 2, 0, 0, 18.95%, 0, 0, 2, 3866.96, 3490439, 18, 0, 0
1107, 8775, 0, 2, 0, 0, 18.95%, 0, 0, 2, 3794.59, 3510238, 18, 0, 0
1112, 8825, 0, 2, 0, 0, 18.95%, 0, 0, 2, 3833.48, 3530238, 18, 0, 0
1118, 8874, 0, 2, 0, 0, 18.95%, 0, 0, 2, 3820.39, 3550061, 18, 0, 0
1123, 8923, 0, 2, 0, 0, 18.95%, 0, 0, 2, 3877.96, 3569539, 18, 0, 0
1128, 8974, 1, 2, 0, 0, 18.95%, 0, 0, 2, 3845.65, 3589839, 18, 0, 0
1133, 9022, 1, 2, 0, 0, 18.95%, 0, 0, 2, 3851.66, 3609338, 18, 0, 0
1138, 9073, 0, 2, 0, 0, 18.95%, 0, 0, 2, 3877.03, 3629440, 18, 0, 0
1143, 9122, 1, 2, 0, 0, 18.95%, 0, 0, 2, 3821.98, 3649338, 18, 0, 0
1148, 9172, 0, 2, 0, 0, 18.95%, 0, 0, 2, 3819.21, 3669161, 18, 0, 0
1154, 9221, 0, 2, 0, 0, 18.95%, 0, 0, 2, 3795.29, 3688737, 18, 0, 0
1159, 9270, 1, 2, 0, 0, 18.95%, 0, 0, 2, 3824.33, 3708561, 18, 0, 0
1164, 9319, 0, 2, 0, 0, 18.95%, 0, 0, 2, 3886.10, 3728061, 18, 0, 0
1169, 9369, 0, 2, 0, 0, 18.95%, 0, 0, 2, 3971.63, 3748041, 18, 0, 0
1174, 9419, 0, 2, 0, 0, 18.95%, 0, 0, 2, 3883.95, 3767939, 18, 0, 0
1179, 9468, 0, 2, 0, 0, 18.95%, 0, 0, 2, 3847.82, 3787638, 18, 0, 0
1184, 9515, 0, 2, 0, 0, 18.95%, 0, 0, 2, 3741.75, 3806336, 18, 0, 0
1189, 9563, 0, 2, 0, 0, 18.95%, 0, 0, 2, 3819.69, 3825638, 18, 0, 0
1194, 9609, 0, 2, 0, 0, 18.95%, 0, 0, 2, 3621.88, 3844134, 18, 0, 0
1199, 9656, 0, 2, 0, 0, 18.95%, 0, 0, 2, 3715.00, 3862936, 18, 0, 0
1204, 9705, 0, 2, 0, 0, 18.95%, 0, 0, 2, 3717.54, 3882436, 18, 0, 0
1209, 9742, 1, 2, 0, 0, 18.95%, 0, 0, 2, 3129.85, 3897324, 18, 0, 0
1214, 9791, 0, 2, 0, 0, 18.95%, 0, 0, 2, 3708.40, 3916936, 18, 0, 0
1220, 9841, 0, 2, 0, 0, 18.95%, 0, 0, 2, 3808.57, 3936838, 18, 0, 0
1225, 9889, 0, 2, 0, 0, 18.95%, 0, 0, 2, 3788.91, 3955937, 18, 0, 0
1230, 9938, 0, 2, 0, 0, 18.95%, 0, 0, 2, 3916.27, 3975761, 18, 0, 0
1235, 9989, 0, 2, 0, 0, 18.95%, 0, 0, 2, 4020.31, 3995942, 18, 0, 0
1240, 10038, 0, 2, 0, 0, 18.95%, 0, 0, 2, 3968.09, 4015741, 18, 0, 0
1245, 10088, 1, 2, 0, 0, 18.95%, 0, 0, 2, 3981.18, 4035742, 18, 0, 0
1250, 10136, 0, 2, 0, 0, 18.95%, 0, 0, 2, 3804.07, 4054638, 18, 0, 0
1255, 10186, 0, 2, 0, 0, 18.95%, 0, 0, 2, 3919.88, 4074940, 18, 0, 0
1260, 10236, 0, 2, 0, 0, 18.95%, 0, 0, 2, 3882.38, 4094939, 18, 0, 0
1265, 10285, 0, 2, 0, 0, 18.95%, 0, 0, 2, 3801.59, 4114361, 18, 0, 0
1270, 10335, 0, 2, 0, 0, 18.95%, 0, 0, 2, 3847.07, 4134338, 18, 0, 0
1275, 10383, 0, 2, 0, 0, 18.95%, 0, 0, 2, 3883.95, 4153539, 18, 0, 0
1281, 10432, 0, 2, 0, 0, 18.95%, 0, 0, 2, 3841.03, 4173161, 18, 0, 0
1286, 10484, 0, 2, 0, 0, 18.95%, 0, 0, 2, 3962.98, 4193941, 18, 0, 0
1291, 10534, 0, 2, 0, 0, 18.95%, 0, 0, 2, 3849.65, 4213962, 18, 0, 0
1296, 10585, 0, 2, 0, 0, 18.95%, 0, 0, 2, 3948.10, 4234441, 18, 0, 0
1301, 10635, 1, 2, 0, 0, 18.95%, 0, 0, 2, 3918.95, 4254540, 18, 0, 0
1306, 10686, 0, 2, 0, 0, 18.95%, 0, 0, 2, 4003.59, 4274742, 18, 0, 0
1311, 10735, 0, 2, 0, 0, 18.95%, 0, 0, 2, 3861.57, 4294239, 18, 0, 0
1316, 10783, 0, 2, 0, 0, 18.95%, 0, 0, 2, 3806.64, 4313761, 18, 0, 0
1322, 10832, 0, 2, 0, 0, 18.95%, 0, 0, 2, 3776.47, 4333361, 18, 0, 0
1327, 10882, 0, 2, 0, 0, 18.95%, 0, 0, 2, 3804.92, 4353237, 18, 0, 0
1332, 10931, 1, 2, 0, 0, 18.95%, 0, 0, 2, 3786.26, 4372937, 18, 0, 0
1337, 10980, 1, 2, 0, 0, 18.95%, 0, 0, 2, 3801.82, 4392461, 18, 0, 0
1342, 11030, 0, 2, 0, 0, 18.95%, 0, 0, 2, 3856.31, 4412438, 18, 0, 0
1348, 11081, 0, 2, 0, 0, 18.95%, 0, 0, 2, 3907.91, 4432640, 18, 0, 0
1353, 11130, 0, 2, 0, 0, 18.95%, 0, 0, 2, 3810.47, 4452238, 18, 0, 0
1358, 11179, 0, 2, 0, 0, 18.95%, 0, 0, 2, 3812.61, 4472061, 18, 0, 0
1363, 11228, 0, 2, 0, 0, 18.95%, 0, 0, 2, 3809.59, 4491737, 18, 0, 0
1368, 11276, 0, 2, 0, 0, 18.95%, 0, 0, 2, 3822.90, 4510861, 18, 0, 0
1373, 11325, 0, 2, 0, 0, 18.95%, 0, 0, 2, 3838.75, 4530538, 18, 0, 0
1378, 11374, 0, 2, 0, 0, 18.95%, 0, 0, 2, 3793.01, 4549937, 18, 0, 0
1383, 11422, 1, 2, 0, 0, 18.95%, 0, 0, 2, 3852.47, 4569339, 18, 0, 0
1389, 11471, 0, 2, 0, 0, 18.95%, 0, 0, 2, 3840.99, 4588938, 18, 0, 0
1394, 11521, 0, 2, 0, 0, 18.95%, 0, 0, 2, 3877.43, 4608939, 18, 0, 0
1399, 11571, 1, 2, 0, 0, 18.95%, 0, 0, 2, 3848.36, 4628661, 18, 0, 0
1404, 11621, 0, 2, 0, 0, 18.95%, 0, 0, 2, 3917.35, 4648940, 18, 0, 0
1409, 11670, 1, 2, 0, 0, 18.95%, 0, 0, 2, 3796.57, 4668537, 18, 0, 0
1414, 11719, 0, 2, 0, 0, 18.95%, 0, 0, 2, 3777.02, 4688037, 18, 0, 0
1420, 11768, 0, 2, 0, 0, 18.95%, 0, 0, 2, 3816.63, 4707738, 18, 0, 0
1425, 11818, 0, 2, 0, 0, 18.95%, 0, 0, 2, 3835.55, 4727538, 18, 0, 0
1430, 11867, 0, 2, 0, 0, 18.95%, 0, 0, 2, 3813.14, 4747338, 18, 0, 0
1435, 11917, 0, 2, 0, 0, 18.95%, 0, 0, 2, 3794.88, 4767037, 18, 0, 0
1440, 11966, 0, 2, 0, 0, 18.95%, 0, 0, 2, 3756.20, 4786661, 18, 0, 0
1445, 12009, 0, 2, 0, 0, 18.95%, 0, 0, 2, 3493.20, 4804131, 18, 0, 0
1451, 12059, 0, 2, 0, 0, 18.95%, 0, 0, 2, 3747.21, 4823937, 18, 0, 0
1456, 12110, 0, 2, 0, 0, 18.95%, 0, 0, 2, 3904.43, 4844361, 18, 0, 0
1461, 12160, 0, 2, 0, 0, 18.95%, 0, 0, 2, 3933.52, 4864461, 18, 0, 0
1466, 12210, 0, 2, 0, 0, 18.95%, 0, 0, 2, 3821.05, 4884261, 18, 0, 0
1471, 12259, 1, 2, 0, 0, 18.95%, 0, 0, 2, 3821.34, 4904138, 18, 0, 0
1476, 12309, 0, 2, 0, 0, 18.95%, 0, 0, 2, 3875.73, 4923961, 18, 0, 0
1482, 12359, 0, 2, 0, 0, 18.95%, 0, 0, 2, 3920.27, 4944140, 18, 0, 0
1487, 12409, 0, 2, 0, 0, 18.95%, 0, 0, 2, 3894.94, 4964140, 18, 0, 0
1492, 12459, 0, 2, 0, 0, 18.95%, 0, 0, 2, 3851.32, 4984038, 18, 0, 0
1497, 12508, 0, 2, 0, 0, 18.95%, 0, 0, 2, 3768.92, 5003661, 18, 0, 0
1502, 12546, 0, 2, 0, 0, 18.95%, 0, 0, 2, 3059.46, 5018823, 18, 0, 0
1507, 12595, 0, 2, 0, 0, 18.95%, 0, 0, 2, 3672.39, 5038435, 18, 0, 0
1512, 12631, 0, 2, 0, 0, 18.95%, 0, 0, 2, 3064.54, 5052861, 18, 0, 0
1518, 12682, 0, 2, 0, 0, 18.95%, 0, 0, 2, 3812.59, 5073261, 18, 0, 0
1523, 12737, 0, 2, 0, 0, 18.95%, 0, 0, 2, 4373.24, 5095148, 18, 0, 0
2039, 12756, 0, 2, 0, 0, 18.95%, 0, 0, 2, 1.75, 5102755, 18, 0, 0
2044, 12805, 0, 2, 0, 0, 18.95%, 0, 0, 2, 3864.53, 5122439, 18, 0, 0
2049, 12855, 0, 2, 0, 0, 18.95%, 0, 0, 2, 3876.51, 5142539, 18, 0, 0
2055, 12905, 0, 2, 0, 0, 18.95%, 0, 0, 2, 3836.25, 5162361, 18, 0, 0
2060, 12954, 0, 2, 0, 0, 18.95%, 0, 0, 2, 3749.88, 5181861, 18, 0, 0
2065, 13002, 0, 2, 0, 0, 18.95%, 0, 0, 2, 3818.37, 5201061, 18, 0, 0
2070, 13052, 0, 2, 0, 0, 18.95%, 0, 0, 2, 3912.63, 5221261, 18, 0, 0
2075, 13100, 0, 2, 0, 0, 18.95%, 0, 0, 2, 3794.49, 5240337, 18, 0, 0
2080, 13148, 1, 2, 0, 0, 18.95%, 0, 0, 2, 3826.43, 5259661, 18, 0, 0
2085, 13195, 0, 2, 0, 0, 18.95%, 0, 0, 2, 3752.94, 5278336, 18, 0, 0
2090, 13245, 1, 2, 0, 0, 18.95%, 0, 0, 2, 3856.78, 5298439, 18, 0, 0
2095, 13293, 0, 2, 0, 0, 18.95%, 0, 0, 2, 3822.46, 5317438, 18, 0, 0
2100, 13343, 0, 2, 0, 0, 18.95%, 0, 0, 2, 3923.58, 5337740, 18, 0, 0
2106, 13394, 0, 2, 0, 0, 18.95%, 0, 0, 2, 3891.85, 5357961, 18, 0, 0
2111, 13444, 0, 2, 0, 0, 18.95%, 0, 0, 2, 3906.71, 5377940, 18, 0, 0
2116, 13494, 1, 2, 0, 0, 18.95%, 0, 0, 2, 3889.21, 5398061, 18, 0, 0
2121, 13543, 0, 2, 0, 0, 18.95%, 0, 0, 2, 3927.86, 5417740, 18, 0, 0
2126, 13592, 0, 2, 0, 0, 18.95%, 0, 0, 2, 3885.07, 5437240, 18, 0, 0
2131, 13640, 0, 2, 0, 0, 18.95%, 0, 0, 2, 3891.61, 5456539, 18, 0, 0
2136, 13691, 0, 2, 0, 0, 18.95%, 0, 0, 2, 4044.44, 5476842, 18, 0, 0
2141, 13740, 0, 2, 0, 0, 18.95%, 0, 0, 2, 3835.91, 5496439, 18, 0, 0
2146, 13778, 0, 2, 0, 0, 18.95%, 0, 0, 2, 3181.56, 5511561, 18, 0, 0
2151, 13816, 1, 2, 0, 0, 18.95%, 0, 0, 2, 3094.36, 5526923, 18, 0, 0
2156, 13854, 0, 2, 0, 0, 18.95%, 0, 0, 2, 2983.34, 5542021, 18, 0, 0
2161, 13890, 0, 2, 0, 0, 18.95%, 0, 0, 2, 2905.42, 5556420, 18, 0, 0
2166, 13927, 0, 2, 0, 0, 18.95%, 0, 0, 2, 2898.65, 5571119, 18, 0, 0
2171, 13964, 0, 2, 0, 0, 18.95%, 0, 0, 2, 2996.13, 5586121, 18, 0, 0
2176, 14005, 0, 2, 0, 0, 18.95%, 0, 0, 2, 3082.84, 5602223, 18, 0, 0
2181, 14043, 1, 2, 0, 0, 18.95%, 0, 0, 2, 3072.85, 5617461, 18, 0, 0
2186, 14081, 1, 2, 0, 0, 18.95%, 0, 0, 2, 3032.58, 5632722, 18, 0, 0
2192, 14114, 0, 2, 0, 0, 18.95%, 0, 0, 2, 2678.92, 5645961, 18, 0, 0
2197, 14147, 0, 2, 0, 0, 18.95%, 0, 0, 2, 2655.70, 5659361, 18, 0, 0
2202, 14187, 0, 2, 0, 0, 18.95%, 0, 0, 2, 3034.59, 5675322, 18, 0, 0
2207, 14228, 0, 2, 0, 0, 18.95%, 0, 0, 2, 3153.61, 5691725, 18, 0, 0
2212, 14267, 0, 2, 0, 0, 18.95%, 0, 0, 2, 3102.70, 5707324, 18, 0, 0
2217, 14305, 0, 2, 0, 0, 18.95%, 0, 0, 2, 3050.46, 5722322, 18, 0, 0
2222, 14344, 0, 2, 0, 0, 18.95%, 0, 0, 2, 3104.82, 5738161, 18, 0, 0
2227, 14386, 0, 2, 0, 0, 18.95%, 0, 0, 2, 3176.61, 5754725, 18, 0, 0
2232, 14427, 0, 2, 0, 0, 18.95%, 0, 0, 2, 3159.66, 5771125, 18, 0, 0
2237, 14466, 0, 2, 0, 0, 18.95%, 0, 0, 2, 3132.93, 5786661, 18, 0, 0
2242, 14505, 0, 2, 0, 0, 18.95%, 0, 0, 2, 3162.11, 5802561, 18, 0, 0
2247, 14544, 0, 2, 0, 0, 18.95%, 0, 0, 2, 3107.07, 5818024, 18, 0, 0
2253, 14584, 0, 2, 0, 0, 18.95%, 0, 0, 2, 3089.90, 5834124, 18, 0, 0
2258, 14619, 0, 2, 0, 0, 18.95%, 0, 0, 2, 2899.21, 5848161, 18, 0, 0
2263, 14653, 0, 2, 0, 0, 18.95%, 0, 0, 2, 2686.25, 5861561, 18, 0, 0
2268, 14692, 0, 2, 0, 0, 18.95%, 0, 0, 2, 2917.85, 5877120, 18, 0, 0
2273, 14732, 0, 2, 0, 0, 18.95%, 0, 0, 2, 3047.79, 5893323, 18, 0, 0
2278, 14768, 0, 2, 0, 0, 18.95%, 0, 0, 2, 2917.13, 5907661, 18, 0, 0
2283, 14804, 0, 2, 0, 0, 18.95%, 0, 0, 2, 2865.88, 5921919, 18, 0, 0
2288, 14840, 0, 2, 0, 0, 18.95%, 0, 0, 2, 2829.63, 5936518, 18, 0, 0
2293, 14881, 0, 2, 0, 0, 18.95%, 0, 0, 2, 3082.88, 5952623, 18, 0, 0
2298, 14921, 1, 2, 0, 0, 18.95%, 0, 0, 2, 3176.67, 5968625, 18, 0, 0
2304, 14961, 0, 2, 0, 0, 18.95%, 0, 0, 2, 3187.17, 5984725, 18, 0, 0
2309, 15000, 1, 2, 0, 0, 18.95%, 0, 0, 2, 3117.81, 6000424, 18, 0, 0
2314, 15040, 0, 2, 0, 0, 18.95%, 0, 0, 2, 3118.86, 6016524, 18, 0, 0
2319, 15081, 0, 2, 0, 0, 18.95%, 0, 0, 2, 3157.87, 6032861, 18, 0, 0
2324, 15120, 0, 2, 0, 0, 18.95%, 0, 0, 2, 3106.33, 6048423, 18, 0, 0
2329, 15160, 0, 2, 0, 0, 18.95%, 0, 0, 2, 3167.97, 6064325, 18, 0, 0
2334, 15201, 0, 2, 0, 0, 18.95%, 0, 0, 2, 3151.18, 6080725, 18, 0, 0
2339, 15239, 0, 2, 0, 0, 18.95%, 0, 0, 2, 3022.50, 6095822, 18, 0, 0
2344, 15279, 0, 2, 0, 0, 18.95%, 0, 0, 2, 3113.32, 6112024, 18, 0, 0
2350, 15319, 0, 2, 0, 0, 18.95%, 0, 0, 2, 3080.68, 6127923, 18, 0, 0
2355, 15360, 0, 2, 0, 0, 18.95%, 0, 0, 2, 3145.02, 6144261, 18, 0, 0
2360, 15400, 0, 2, 0, 0, 18.95%, 0, 0, 2, 3123.29, 6160461, 18, 0, 0
2365, 15441, 0, 2, 0, 0, 18.95%, 0, 0, 2, 3153.71, 6176861, 18, 0, 0
2370, 15481, 0, 2, 0, 0, 18.95%, 0, 0, 2, 3073.48, 6192823, 18, 0, 0
2376, 15522, 1, 2, 0, 0, 18.95%, 0, 0, 2, 3144.57, 6209224, 18, 0, 0
2381, 15563, 1, 2, 0, 0, 18.95%, 0, 0, 2, 3163.69, 6225725, 18, 0, 0
2386, 15604, 0, 2, 0, 0, 18.95%, 0, 0, 2, 3151.04, 6241925, 18, 0, 0
2391, 15645, 0, 2, 0, 0, 18.95%, 0, 0, 2, 3151.51, 6258261, 18, 0, 0
2396, 15685, 1, 2, 0, 0, 18.95%, 0, 0, 2, 3116.77, 6274324, 18, 0, 0
2402, 15724, 0, 2, 0, 0, 18.95%, 0, 0, 2, 3074.22, 6290023, 18, 0, 0
2407, 15764, 0, 2, 0, 0, 18.95%, 0, 0, 2, 3018.59, 6305822, 18, 0, 0
2412, 15801, 0, 2, 0, 0, 18.95%, 0, 0, 2, 2936.03, 6320920, 18, 0, 0
2417, 15838, 0, 2, 0, 0, 18.95%, 0, 0, 2, 2980.46, 6335721, 18, 0, 0
2422, 15878, 0, 2, 0, 0, 18.95%, 0, 0, 2, 3077.06, 6351561, 18, 0, 0
2427, 15915, 0, 2, 0, 0, 18.95%, 0, 0, 2, 2933.82, 6366520, 18, 0, 0
2432, 15952, 1, 2, 0, 0, 18.95%, 0, 0, 2, 2897.79, 6381120, 18, 0, 0
2437, 15986, 0, 2, 0, 0, 18.95%, 0, 0, 2, 2730.53, 6394661, 18, 0, 0
2442, 16021, 0, 2, 0, 0, 18.95%, 0, 0, 2, 2795.56, 6408661, 18, 0, 0
2447, 16057, 1, 2, 0, 0, 18.95%, 0, 0, 2, 2829.97, 6423161, 18, 0, 0
2453, 16091, 0, 2, 0, 0, 18.95%, 0, 0, 2, 2666.41, 6436661, 18, 0, 0
2458, 16124, 0, 2, 0, 0, 18.95%, 0, 0, 2, 2666.76, 6450015, 18, 0, 0
2463, 16155, 0, 2, 0, 0, 18.95%, 0, 0, 2, 2384.56, 6462409, 18, 0, 0
2468, 16191, 1, 2, 0, 0, 18.95%, 0, 0, 2, 2729.66, 6476916, 18, 0, 0
2473, 16232, 1, 2, 0, 0, 18.95%, 0, 0, 2, 3243.02, 6493326, 18, 0, 0
2478, 16276, 0, 2, 0, 0, 18.95%, 0, 0, 2, 3424.03, 6510630, 18, 0, 0
2483, 16318, 0, 2, 0, 0, 18.95%, 0, 0, 2, 3413.60, 6527761, 18, 0, 0
2488, 16360, 0, 2, 0, 0, 18.95%, 0, 0, 2, 3316.67, 6544228, 18, 0, 0
2493, 16404, 0, 2, 0, 0, 18.95%, 0, 0, 2, 3351.18, 6561861, 18, 0, 0
2498, 16445, 0, 2, 0, 0, 18.95%, 0, 0, 2, 3298.33, 6578528, 18, 0, 0
2503, 16489, 0, 2, 0, 0, 18.95%, 0, 0, 2, 3355.09, 6596029, 18, 0, 0
2509, 16532, 1, 2, 0, 0, 18.95%, 0, 0, 2, 3309.22, 6613328, 18, 0, 0
2514, 16574, 0, 2, 0, 0, 18.95%, 0, 0, 2, 3347.27, 6630128, 18, 0, 0
2519, 16620, 0, 2, 0, 0, 18.95%, 0, 0, 2, 3585.31, 6648333, 18, 0, 0
2524, 16666, 1, 2, 0, 0, 18.95%, 0, 0, 2, 3651.22, 6666834, 18, 0, 0
2529, 16709, 0, 2, 0, 0, 18.95%, 0, 0, 2, 3452.05, 6684131, 18, 0, 0
2534, 16751, 0, 2, 0, 0, 18.95%, 0, 0, 2, 3343.95, 6700728, 18, 0, 0
2539, 16791, 0, 2, 0, 0, 18.95%, 0, 0, 2, 3229.81, 6716926, 18, 0, 0
2544, 16830, 0, 2, 0, 0, 18.95%, 0, 0, 2, 3114.56, 6732461, 18, 0, 0
2549, 16869, 0, 2, 0, 0, 18.95%, 0, 0, 2, 3086.18, 6747861, 18, 0, 0
2554, 16909, 0, 2, 0, 0, 18.95%, 0, 0, 2, 3123.53, 6764161, 18, 0, 0
2559, 16950, 0, 2, 0, 0, 18.95%, 0, 0, 2, 3132.30, 6780324, 18, 0, 0
2564, 16991, 0, 2, 0, 0, 18.95%, 0, 0, 2, 3145.58, 6796625, 18, 0, 0
2570, 17028, 0, 2, 0, 0, 18.95%, 0, 0, 2, 2974.29, 6811521, 18, 0, 0
2575, 17064, 0, 2, 0, 0, 18.95%, 0, 0, 2, 2930.87, 6825920, 18, 0, 0
2580, 17103, 0, 2, 0, 0, 18.95%, 0, 0, 2, 2945.07, 6841461, 18, 0, 0
2585, 17141, 0, 2, 0, 0, 18.95%, 0, 0, 2, 3006.16, 6856761, 18, 0, 0
2590, 17177, 0, 2, 0, 0, 18.95%, 0, 0, 2, 2847.54, 6871019, 18, 0, 0
2595, 17212, 0, 2, 0, 0, 18.95%, 0, 0, 2, 2872.15, 6885261, 18, 0, 0
2600, 17248, 0, 2, 0, 0, 18.95%, 0, 0, 2, 2801.55, 6899617, 18, 0, 0
2605, 17280, 0, 2, 0, 0, 18.95%, 0, 0, 2, 2567.73, 6912413, 18, 0, 0
2610, 17310, 0, 2, 0, 0, 18.95%, 0, 0, 2, 2419.64, 6924256, 18, 0, 0
2615, 17349, 1, 2, 0, 0, 18.95%, 0, 0, 2, 2963.03, 6940161, 18, 0, 0
2621, 17390, 0, 2, 0, 0, 18.95%, 0, 0, 2, 3126.05, 6956561, 18, 0, 0
2626, 17427, 0, 2, 0, 0, 18.95%, 0, 0, 2, 2801.82, 6971318, 18, 0, 0
2631, 17463, 0, 2, 0, 0, 18.95%, 0, 0, 2, 2875.44, 6985661, 18, 0, 0
2636, 17501, 0, 2, 0, 0, 18.95%, 0, 0, 2, 2908.86, 7000820, 18, 0, 0
2641, 17533, 0, 2, 0, 0, 18.95%, 0, 0, 2, 2495.15, 7013411, 18, 0, 0
2646, 17563, 0, 2, 0, 0, 18.95%, 0, 0, 2, 2462.28, 7025658, 18, 0, 0
2651, 17595, 0, 2, 0, 0, 18.95%, 0, 0, 2, 2613.24, 7038561, 18, 0, 0
2656, 17632, 0, 2, 0, 0, 18.95%, 0, 0, 2, 2778.27, 7053017, 18, 0, 0
2662, 17670, 0, 2, 0, 0, 18.95%, 0, 0, 2, 2892.06, 7068561, 18, 0, 0
2667, 17710, 0, 2, 0, 0, 18.95%, 0, 0, 2, 3050.52, 7084322, 18, 0, 0
2672, 17751, 0, 2, 0, 0, 18.95%, 0, 0, 2, 3118.45, 7100624, 18, 0, 0
2677, 17790, 0, 2, 0, 0, 18.95%, 0, 0, 2, 3163.82, 7116561, 18, 0, 0
2682, 17831, 1, 2, 0, 0, 18.95%, 0, 0, 2, 3144.76, 7132924, 18, 0, 0
2687, 17871, 0, 2, 0, 0, 18.95%, 0, 0, 2, 3010.19, 7148861, 18, 0, 0
2693, 17909, 0, 2, 0, 0, 18.95%, 0, 0, 2, 2957.93, 7163961, 18, 0, 0
2698, 17950, 0, 2, 0, 0, 18.95%, 0, 0, 2, 3111.61, 7180224, 18, 0, 0
2703, 17990, 1, 2, 0, 0, 18.95%, 0, 0, 2, 3142.00, 7196424, 18, 0, 0
2708, 18028, 0, 2, 0, 0, 18.95%, 0, 0, 2, 3061.56, 7211723, 18, 0, 0
2713, 18069, 0, 2, 0, 0, 18.95%, 0, 0, 2, 3141.00, 7227924, 18, 0, 0
2718, 18108, 0, 2, 0, 0, 18.95%, 0, 0, 2, 3116.94, 7243761, 18, 0, 0
2723, 18146, 0, 2, 0, 0, 18.95%, 0, 0, 2, 2938.99, 7258761, 18, 0, 0
2728, 18184, 0, 2, 0, 0, 18.95%, 0, 0, 2, 2959.17, 7274121, 18, 0, 0
2733, 18220, 1, 2, 0, 0, 18.95%, 0, 0, 2, 2915.86, 7288261, 18, 0, 0
2739, 18259, 0, 2, 0, 0, 18.95%, 0, 0, 2, 3015.41, 7304022, 18, 0, 0
2744, 18295, 0, 2, 0, 0, 18.95%, 0, 0, 2, 2927.24, 7318420, 18, 0, 0
2749, 18340, 0, 2, 0, 0, 18.95%, 0, 0, 2, 3346.85, 7336261, 18, 0, 0
2754, 18388, 0, 2, 0, 0, 18.95%, 0, 0, 2, 3536.13, 7355433, 18, 0, 0
2759, 18430, 1, 2, 0, 0, 18.95%, 0, 0, 2, 3240.70, 7372327, 18, 0, 0
2764, 18474, 1, 2, 0, 0, 18.95%, 0, 0, 2, 3351.25, 7390129, 18, 0, 0
2770, 18518, 0, 2, 0, 0, 18.95%, 0, 0, 2, 3348.97, 7407529, 18, 0, 0
2775, 18563, 0, 2, 0, 0, 18.95%, 0, 0, 2, 3593.52, 7425734, 18, 0, 0
2780, 18613, 0, 2, 0, 0, 18.95%, 0, 0, 2, 3769.90, 7445362, 18, 0, 0
2785, 18661, 1, 2, 0, 0, 18.95%, 0, 0, 2, 3789.28, 7464937, 18, 0, 0
2790, 18711, 0, 2, 0, 0, 18.95%, 0, 0, 2, 3827.31, 7484938, 18, 0, 0
2795, 18758, 0, 2, 0, 0, 18.95%, 0, 0, 2, 3728.54, 7503536, 18, 0, 0
2800, 18808, 0, 2, 0, 0, 18.95%, 0, 0, 2, 3816.74, 7523438, 18, 0, 0
2805, 18857, 0, 2, 0, 0, 18.95%, 0, 0, 2, 3806.24, 7543238, 18, 0, 0
2811, 18906, 0, 2, 0, 0, 18.95%, 0, 0, 2, 3759.22, 7562837, 18, 0, 0
2816, 18953, 0, 2, 0, 0, 18.95%, 0, 0, 2, 3668.71, 7581735, 18, 0, 0
2821, 19001, 1, 2, 0, 0, 18.95%, 0, 0, 2, 3669.45, 7600835, 18, 0, 0
2826, 19050, 0, 2, 0, 0, 18.95%, 0, 0, 2, 3801.07, 7620537, 18, 0, 0
2831, 19098, 1, 2, 0, 0, 18.95%, 0, 0, 2, 3710.79, 7639736, 18, 0, 0
2837, 19145, 1, 2, 0, 0, 18.95%, 0, 0, 2, 3615.09, 7658434, 18, 0, 0
2842, 19194, 0, 2, 0, 0, 18.95%, 0, 0, 2, 3756.64, 7677937, 18, 0, 0
2847, 19238, 0, 2, 0, 0, 18.95%, 0, 0, 2, 3398.11, 7695430, 18, 0, 0
2852, 19274, 0, 2, 0, 0, 18.95%, 0, 0, 2, 2929.63, 7709821, 18, 0, 0
2857, 19312, 0, 2, 0, 0, 18.95%, 0, 0, 2, 3081.83, 7725061, 18, 0, 0
2862, 19360, 0, 2, 0, 0, 18.95%, 0, 0, 2, 3606.04, 7744233, 18, 0, 0
2867, 19409, 0, 2, 0, 0, 18.95%, 0, 0, 2, 3798.96, 7764161, 18, 0, 0
2873, 19458, 0, 2, 0, 0, 18.95%, 0, 0, 2, 3727.25, 7783437, 18, 0, 0
2878, 19505, 0, 2, 0, 0, 18.95%, 0, 0, 2, 3588.56, 7802234, 18, 0, 0
2883, 19544, 0, 2, 0, 0, 18.95%, 0, 0, 2, 3166.64, 7817925, 18, 0, 0
2888, 19585, 0, 2, 0, 0, 18.95%, 0, 0, 2, 3273.91, 7834526, 18, 0, 0
2893, 19629, 0, 2, 0, 0, 18.95%, 0, 0, 2, 3251.68, 7851927, 18, 0, 0
2898, 19672, 0, 2, 0, 0, 18.95%, 0, 0, 2, 3315.73, 7869061, 18, 0, 0
2904, 19718, 0, 2, 0, 0, 18.95%, 0, 0, 2, 3455.77, 7887431, 18, 0, 0
2909, 19763, 0, 2, 0, 0, 18.95%, 0, 0, 2, 3592.88, 7905534, 18, 0, 0
2914, 19805, 0, 2, 0, 0, 18.95%, 0, 0, 2, 3400.65, 7922529, 18, 0, 0
2919, 19847, 0, 2, 0, 0, 18.95%, 0, 0, 2, 3250.39, 7939126, 18, 0, 0
2924, 19891, 0, 2, 0, 0, 18.95%, 0, 0, 2, 3510.98, 7956961, 18, 0, 0
2929, 19942, 0, 2, 0, 0, 18.95%, 0, 0, 2, 3833.49, 7977238, 18, 0, 0
2934, 19993, 0, 2, 0, 0, 18.95%, 0, 0, 2, 3884.09, 7997439, 18, 0, 0
2940, 20043, 0, 2, 0, 0, 18.95%, 0, 0, 2, 3916.96, 8017561, 18, 0, 0
2945, 20093, 0, 2, 0, 0, 18.95%, 0, 0, 2, 3874.25, 8037461, 18, 0, 0
2950, 20143, 0, 2, 0, 0, 18.95%, 0, 0, 2, 3859.29, 8057539, 18, 0, 0
2955, 20190, 0, 2, 0, 0, 18.95%, 0, 0, 2, 3769.69, 8076337, 18, 0, 0
2960, 20241, 0, 2, 0, 0, 18.95%, 0, 0, 2, 3906.66, 8096661, 18, 0, 0
2965, 20291, 0, 2, 0, 0, 18.95%, 0, 0, 2, 3832.99, 8116638, 18, 0, 0
2971, 20338, 0, 2, 0, 0, 18.95%, 0, 0, 2, 3582.88, 8135634, 18, 0, 0
2976, 20385, 0, 2, 0, 0, 18.95%, 0, 0, 2, 3694.84, 8154535, 18, 0, 0
2981, 20437, 0, 2, 0, 0, 18.95%, 0, 0, 2, 3936.78, 8175240, 18, 0, 0
2986, 20487, 0, 2, 0, 0, 18.95%, 0, 0, 2, 3945.20, 8195041, 18, 0, 0
2991, 20536, 0, 2, 0, 0, 18.95%, 0, 0, 2, 3879.61, 8214939, 18, 0, 0
2996, 20587, 0, 2, 0, 0, 18.95%, 0, 0, 2, 3954.36, 8235161, 18, 0, 0
3001, 20637, 0, 2, 0, 0, 18.95%, 0, 0, 2, 3903.71, 8255261, 18, 0, 0
3006, 20685, 1, 2, 0, 0, 18.95%, 0, 0, 2, 3837.73, 8274438, 18, 0, 0
3012, 20736, 0, 2, 0, 0, 18.95%, 0, 0, 2, 3870.83, 8294639, 18, 0, 0
3017, 20785, 0, 2, 0, 0, 18.95%, 0, 0, 2, 3830.26, 8314438, 18, 0, 0
3022, 20836, 0, 2, 0, 0, 18.95%, 0, 0, 2, 3883.56, 8334739, 18, 0, 0
3027, 20885, 0, 2, 0, 0, 18.95%, 0, 0, 2, 3818.30, 8354538, 18, 0, 0
3032, 20934, 0, 2, 0, 0, 18.95%, 0, 0, 2, 3838.23, 8373838, 18, 0, 0
3037, 20983, 0, 2, 0, 0, 18.95%, 0, 0, 2, 3779.17, 8393561, 18, 0, 0
3043, 21033, 0, 2, 0, 0, 18.95%, 0, 0, 2, 3871.29, 8413439, 18, 0, 0
3048, 21083, 0, 2, 0, 0, 18.95%, 0, 0, 2, 3885.31, 8433661, 18, 0, 0
3053, 21132, 0, 2, 0, 0, 18.95%, 0, 0, 2, 3791.30, 8453338, 18, 0, 0
3058, 21182, 1, 2, 0, 0, 18.95%, 0, 0, 2, 3845.24, 8473238, 18, 0, 0
3063, 21232, 0, 2, 0, 0, 18.95%, 0, 0, 2, 3815.01, 8493038, 18, 0, 0
3069, 21281, 0, 2, 0, 0, 18.95%, 0, 0, 2, 3801.04, 8512661, 18, 0, 0
3074, 21324, 0, 2, 0, 0, 18.95%, 0, 0, 2, 3500.93, 8530161, 18, 0, 0
3079, 21371, 0, 2, 0, 0, 18.95%, 0, 0, 2, 3631.42, 8548834, 18, 0, 0
3084, 21419, 0, 2, 0, 0, 18.95%, 0, 0, 2, 3787.00, 8567837, 18, 0, 0
3089, 21469, 0, 2, 0, 0, 18.95%, 0, 0, 2, 3922.49, 8588061, 18, 0, 0
3094, 21517, 0, 2, 0, 0, 18.95%, 0, 0, 2, 3856.43, 8607338, 18, 0, 0
3099, 21568, 0, 2, 0, 0, 18.95%, 0, 0, 2, 3908.57, 8627540, 18, 0, 0
3104, 21616, 0, 2, 0, 0, 18.95%, 0, 0, 2, 3652.33, 8646635, 18, 0, 0
3109, 21663, 0, 2, 0, 0, 18.95%, 0, 0, 2, 3656.72, 8665461, 18, 0, 0
3115, 21708, 0, 2, 0, 0, 18.95%, 0, 0, 2, 3538.88, 8683732, 18, 0, 0
3120, 21755, 1, 2, 0, 0, 18.95%, 0, 0, 2, 3670.20, 8702461, 18, 0, 0
3125, 21795, 0, 2, 0, 0, 18.95%, 0, 0, 2, 3162.72, 8718425, 18, 0, 0
3130, 21836, 1, 2, 0, 0, 18.95%, 0, 0, 2, 3163.55, 8734825, 18, 0, 0
3135, 21874, 0, 2, 0, 0, 18.95%, 0, 0, 2, 2951.59, 8750020, 18, 0, 0
3141, 21914, 0, 2, 0, 0, 18.95%, 0, 0, 2, 3041.86, 8766122, 18, 0, 0
3146, 21953, 0, 2, 0, 0, 18.95%, 0, 0, 2, 2914.33, 8781520, 18, 0, 0
3151, 21985, 0, 2, 0, 0, 18.95%, 0, 0, 2, 2635.21, 8794414, 18, 0, 0
3156, 22020, 0, 2, 0, 0, 18.95%, 0, 0, 2, 2791.28, 8808417, 18, 0, 0
3161, 22061, 0, 2, 0, 0, 18.95%, 0, 0, 2, 3198.35, 8824825, 18, 0, 0
3166, 22105, 0, 2, 0, 0, 18.95%, 0, 0, 2, 3320.54, 8842228, 18, 0, 0
3171, 22148, 0, 2, 0, 0, 18.95%, 0, 0, 2, 3355.07, 8859629, 18, 0, 0
3176, 22192, 0, 2, 0, 0, 18.95%, 0, 0, 2, 3502.49, 8877231, 18, 0, 0
3181, 22239, 0, 2, 0, 0, 18.95%, 0, 0, 2, 3634.81, 8895862, 18, 0, 0
3186, 22283, 0, 2, 0, 0, 18.95%, 0, 0, 2, 3454.07, 8913431, 18, 0, 0
3192, 22324, 0, 2, 0, 0, 18.95%, 0, 0, 2, 3292.87, 8929927, 18, 0, 0
3197, 22365, 0, 2, 0, 0, 18.95%, 0, 0, 2, 3230.75, 8946261, 18, 0, 0
3202, 22401, 0, 2, 0, 0, 18.95%, 0, 0, 2, 2809.49, 8960718, 18, 0, 0
3207, 22438, 0, 2, 0, 0, 18.95%, 0, 0, 2, 2934.65, 8975661, 18, 0, 0
3212, 22474, 0, 2, 0, 0, 18.95%, 0, 0, 2, 2747.72, 8990017, 18, 0, 0
3217, 22508, 0, 2, 0, 0, 18.95%, 0, 0, 2, 2806.16, 9003717, 18, 0, 0
3222, 22542, 0, 2, 0, 0, 18.95%, 0, 0, 2, 2647.94, 9017015, 18, 0, 0
3227, 22570, 0, 2, 0, 0, 18.95%, 0, 0, 2, 2303.96, 9028554, 18, 0, 0
3232, 22605, 0, 2, 0, 0, 18.95%, 0, 0, 2, 2628.10, 9042561, 18, 0, 0
3237, 22640, 0, 2, 0, 0, 18.95%, 0, 0, 2, 2775.22, 9056417, 18, 0, 0
3243, 22672, 0, 2, 0, 0, 18.95%, 0, 0, 2, 2493.92, 9069111, 18, 0, 0
3248, 22700, 0, 2, 0, 0, 18.95%, 0, 0, 2, 2300.17, 9080507, 18, 0, 0
3253, 22730, 1, 2, 0, 0, 18.95%, 0, 0, 2, 2306.73, 9092354, 18, 0, 0
3258, 22769, 0, 2, 0, 0, 18.95%, 0, 0, 2, 2970.45, 9107961, 18, 0, 0
3263, 22811, 0, 2, 0, 0, 18.95%, 0, 0, 2, 3266.88, 9124927, 18, 0, 0
3268, 22852, 1, 2, 0, 0, 18.95%, 0, 0, 2, 3202.87, 9141361, 18, 0, 0
3273, 22889, 0, 2, 0, 0, 18.95%, 0, 0, 2, 2919.33, 9156020, 18, 0, 0
3278, 22930, 0, 2, 0, 0, 18.95%, 0, 0, 2, 3184.37, 9172325, 18, 0, 0
3283, 22971, 0, 2, 0, 0, 18.95%, 0, 0, 2, 3266.07, 9188927, 18, 0, 0
3288, 23013, 0, 2, 0, 0, 18.95%, 0, 0, 2, 3265.35, 9205527, 18, 0, 0
3293, 23048, 0, 2, 0, 0, 18.95%, 0, 0, 2, 2839.68, 9219419, 18, 0, 0
3299, 23081, 0, 2, 0, 0, 18.95%, 0, 0, 2, 2601.35, 9232861, 18, 0, 0
3304, 23115, 1, 2, 0, 0, 18.95%, 0, 0, 2, 2565.62, 9246361, 18, 0, 0
3309, 23144, 0, 2, 0, 0, 18.95%, 0, 0, 2, 2368.81, 9257956, 18, 0, 0
3314, 23178, 0, 2, 0, 0, 18.95%, 0, 0, 2, 2703.22, 9271715, 18, 0, 0
3319, 23204, 0, 2, 0, 0, 18.95%, 0, 0, 2, 2160.72, 9282105, 18, 0, 0
3324, 23232, 1, 2, 0, 0, 18.95%, 0, 0, 2, 2319.96, 9293108, 18, 0, 0
3329, 23263, 0, 2, 0, 0, 18.95%, 0, 0, 2, 2361.85, 9305709, 18, 0, 0
3334, 23292, 1, 2, 0, 0, 18.95%, 0, 0, 2, 2331.10, 9317308, 18, 0, 0
3339, 23326, 0, 2, 0, 0, 18.95%, 0, 0, 2, 2581.30, 9330613, 18, 0, 0
3345, 23358, 0, 2, 0, 0, 18.95%, 0, 0, 2, 2571.44, 9343661, 18, 0, 0
3350, 23394, 0, 2, 0, 0, 18.95%, 0, 0, 2, 2697.56, 9357915, 18, 0, 0
3355, 23429, 0, 2, 0, 0, 18.95%, 0, 0, 2, 2679.54, 9371861, 18, 0, 0
3360, 23462, 0, 2, 0, 0, 18.95%, 0, 0, 2, 2680.51, 9385261, 18, 0, 0
3365, 23497, 1, 2, 0, 0, 18.95%, 0, 0, 2, 2789.45, 9399161, 18, 0, 0
3370, 23537, 0, 2, 0, 0, 18.95%, 0, 0, 2, 3072.45, 9415323, 18, 0, 0
3375, 23578, 0, 2, 0, 0, 18.95%, 0, 0, 2, 3111.32, 9431523, 18, 0, 0
3380, 23616, 0, 2, 0, 0, 18.95%, 0, 0, 2, 3009.53, 9446661, 18, 0, 0
3385, 23647, 1, 2, 0, 0, 18.95%, 0, 0, 2, 2595.05, 9459213, 18, 0, 0
3390, 23681, 1, 2, 0, 0, 18.95%, 0, 0, 2, 2655.42, 9472814, 18, 0, 0
3395, 23718, 0, 2, 0, 0, 18.95%, 0, 0, 2, 2902.00, 9487419, 18, 0, 0
3400, 23754, 0, 2, 0, 0, 18.95%, 0, 0, 2, 2851.60, 9501861, 18, 0, 0
3405, 23788, 0, 2, 0, 0, 18.95%, 0, 0, 2, 2776.31, 9515517, 18, 0, 0
3410, 23822, 0, 2, 0, 0, 18.95%, 0, 0, 2, 2727.32, 9529316, 18, 0, 0
3416, 23841, 1, 2, 0, 0, 18.95%, 0, 0, 2, 1775.93, 9536632, 18, 0, 0
3421, 23868, 0, 2, 0, 0, 18.95%, 0, 0, 2, 2156.38, 9547746, 18, 0, 0
3426, 23895, 0, 2, 0, 0, 18.95%, 0, 0, 2, 2176.75, 9558561, 18, 0, 0
3431, 23927, 0, 2, 0, 0, 18.95%, 0, 0, 2, 2449.22, 9571310, 18, 0, 0
3436, 23963, 0, 2, 0, 0, 18.95%, 0, 0, 2, 2767.67, 9585761, 18, 0, 0
3441, 24002, 1, 2, 0, 0, 18.95%, 0, 0, 2, 2983.28, 9601321, 18, 0, 0
3446, 24032, 0, 2, 0, 0, 18.95%, 0, 0, 2, 2269.19, 9613154, 18, 0, 0
3451, 24060, 0, 2, 0, 0, 18.95%, 0, 0, 2, 2358.78, 9624256, 18, 0, 0
3456, 24090, 0, 2, 0, 0, 18.95%, 0, 0, 2, 2391.28, 9636410, 18, 0, 0
3462, 24125, 1, 2, 0, 0, 18.95%, 0, 0, 2, 2717.05, 9650561, 18, 0, 0
3467, 24166, 0, 2, 0, 0, 18.95%, 0, 0, 2, 3135.31, 9666961, 18, 0, 0
3472, 24208, 0, 2, 0, 0, 18.95%, 0, 0, 2, 3261.78, 9683427, 18, 0, 0
3477, 24247, 0, 2, 0, 0, 18.95%, 0, 0, 2, 3131.04, 9699324, 18, 0, 0
3482, 24289, 0, 2, 0, 0, 18.95%, 0, 0, 2, 3239.11, 9715926, 18, 0, 0
3487, 24331, 0, 2, 0, 0, 18.95%, 0, 0, 2, 3292.26, 9732627, 18, 0, 0
3492, 24373, 0, 2, 0, 0, 18.95%, 0, 0, 2, 3327.17, 9749428, 18, 0, 0
3497, 24412, 0, 2, 0, 0, 18.95%, 0, 0, 2, 3142.27, 9765361, 18, 0, 0
3502, 24452, 1, 2, 0, 0, 18.95%, 0, 0, 2, 2985.09, 9781021, 18, 0, 0
3507, 24486, 0, 2, 0, 0, 18.95%, 0, 0, 2, 2720.92, 9794716, 18, 0, 0
3512, 24522, 0, 2, 0, 0, 18.95%, 0, 0, 2, 2925.25, 9809361, 18, 0, 0
3517, 24560, 0, 2, 0, 0, 18.95%, 0, 0, 2, 2922.70, 9824261, 18, 0, 0
3523, 24600, 1, 2, 0, 0, 18.95%, 0, 0, 2, 3046.87, 9840322, 18, 0, 0
3528, 24641, 0, 2, 0, 0, 18.95%, 0, 0, 2, 3131.01, 9856661, 18, 0, 0
3533, 24680, 0, 2, 0, 0, 18.95%, 0, 0, 2, 3125.73, 9872361, 18, 0, 0
3538, 24719, 0, 2, 0, 0, 18.95%, 0, 0, 2, 3038.15, 9888061, 18, 0, 0
3543, 24756, 0, 2, 0, 0, 18.95%, 0, 0, 2, 2886.37, 9902919, 18, 0, 0
3548, 24792, 0, 2, 0, 0, 18.95%, 0, 0, 2, 2783.30, 9917161, 18, 0, 0
3553, 24830, 0, 2, 0, 0, 18.95%, 0, 0, 2, 2975.07, 9932321, 18, 0, 0
3559, 24869, 0, 2, 0, 0, 18.95%, 0, 0, 2, 3016.78, 9948022, 18, 0, 0
3564, 24908, 0, 2, 0, 0, 18.95%, 0, 0, 2, 3004.35, 9963522, 18, 0, 0
3569, 24947, 0, 2, 0, 0, 18.95%, 0, 0, 2, 3002.90, 9979021, 18, 0, 0
3574, 24982, 0, 2, 0, 0, 18.95%, 0, 0, 2, 2815.64, 9993061, 18, 0, 0
3579, 25010, 1, 2, 0, 0, 18.95%, 0, 0, 2, 2343.13, 10004408, 18, 0, 0
3584, 25040, 0, 2, 0, 0, 18.95%, 0, 0, 2, 2364.56, 10016261, 18, 0, 0
3589, 25070, 0, 2, 0, 0, 18.95%, 0, 0, 2, 2221.54, 10028454, 18, 0, 0
3594, 25100, 0, 2, 0, 0, 18.95%, 0, 0, 2, 2346.13, 10040361, 18, 0, 0
3599, 25128, 0, 2, 0, 0, 18.95%, 0, 0, 2, 2267.33, 10051407, 18, 0, 0
3604, 25158, 1, 2, 0, 0, 18.95%, 0, 0, 2, 2247.07, 10063461, 18, 0, 0
3609, 25183, 1, 2, 0, 0, 18.95%, 0, 0, 2, 2156.43, 10073505, 18, 0, 0
3614, 25215, 0, 2, 0, 0, 18.95%, 0, 0, 2, 2450.67, 10086210, 18, 0, 0
3619, 25247, 1, 2, 0, 0, 18.95%, 0, 0, 2, 2608.52, 10099261, 18, 0, 0
3625, 25285, 0, 2, 0, 0, 18.95%, 0, 0, 2, 2847.84, 10114219, 18, 0, 0
3630, 25315, 0, 2, 0, 0, 18.95%, 0, 0, 2, 2480.68, 10126260, 18, 0, 0
3632, 25332, 0, 2, 0, 0, 18.95%, 0, 0, 2, 2588.63, 10132996, 18, 0, 0
