# relative_time, cycles_done, cur_item, corpus_count, pending_total, pending_favs, map_size, saved_crashes, saved_hangs, max_depth, execs_per_sec, total_execs, edges_found, total_crashes, servers_count
61, 38, 201, 514, 0, 0, 27.15%, 0, 0, 25, 51493.78, 3380079, 433, 0, 0
66, 40, 473, 528, 0, 0, 27.21%, 0, 0, 25, 55337.17, 3661868, 434, 0, 0
71, 43, 358, 534, 1, 0, 27.21%, 0, 0, 25, 56596.11, 3947917, 434, 0, 0
76, 45, 317, 540, 0, 0, 27.21%, 0, 0, 25, 56831.20, 4233414, 434, 0, 0
81, 48, 119, 548, 0, 0, 27.21%, 0, 0, 25, 53707.46, 4498218, 434, 0, 0
86, 50, 320, 549, 0, 0, 27.21%, 0, 0, 25, 54176.39, 4771165, 434, 0, 0
91, 53, 473, 551, 0, 0, 27.21%, 0, 0, 25, 52121.97, 5040206, 434, 0, 0
96, 55, 19, 551, 0, 0, 27.21%, 0, 0, 25, 55004.60, 5326886, 434, 0, 0
101, 58, 400, 553, 0, 0, 27.21%, 0, 0, 25, 53339.36, 5593262, 434, 0, 0
106, 61, 473, 555, 1, 0, 27.21%, 0, 0, 25, 55353.77, 5878875, 434, 0, 0
112, 63, 520, 568, 1, 0, 27.21%, 0, 0, 25, 53160.53, 6151046, 434, 0, 0
117, 65, 552, 569, 0, 0, 27.21%, 0, 0, 25, 55762.14, 6437027, 434, 0, 0
122, 68, 308, 571, 1, 0, 27.21%, 0, 0, 25, 56915.77, 6730078, 434, 0, 0
127, 71, 522, 575, 1, 0, 27.21%, 0, 0, 25, 58511.54, 7027067, 434, 0, 0
132, 73, 400, 577, 0, 0, 27.21%, 0, 0, 25, 59206.37, 7326788, 434, 0, 0
137, 76, 569, 577, 0, 0, 27.21%, 0, 0, 25, 59041.78, 7625929, 434, 0, 0
142, 78, 19, 578, 0, 0, 27.21%, 0, 0, 25, 58010.38, 7920207, 434, 0, 0
147, 80, 471, 583, 1, 0, 27.21%, 0, 0, 25, 53417.57, 8195859, 434, 0, 0
152, 82, 144, 583, 0, 0, 27.21%, 0, 0, 25, 44818.49, 8407034, 434, 0, 0
157, 84, 473, 583, 0, 0, 27.21%, 0, 0, 25, 47440.30, 8652112, 434, 0, 0
162, 86, 485, 589, 2, 0, 27.21%, 0, 0, 25, 47891.67, 8905332, 434, 0, 0
167, 88, 19, 590, 0, 0, 27.21%, 0, 0, 25, 48635.14, 9152071, 434, 0, 0
172, 90, 358, 590, 0, 0, 27.21%, 0, 0, 25, 53058.33, 9422674, 434, 0, 0
178, 92, 485, 590, 0, 0, 27.21%, 0, 0, 25, 52585.65, 9686919, 434, 0, 0
183, 95, 174, 590, 0, 0, 27.21%, 0, 0, 25, 52950.07, 9955527, 434, 0, 0
188, 97, 205, 591, 0, 0, 27.21%, 0, 0, 25, 51834.94, 10213265, 434, 0, 0
193, 99, 267, 596, 0, 0, 27.21%, 0, 0, 25, 53016.25, 10491955, 434, 0, 0
198, 101, 269, 596, 0, 0, 27.21%, 0, 0, 25, 46059.44, 10733133, 434, 0, 0
203, 102, 400, 597, 1, 0, 27.21%, 0, 0, 25, 43896.06, 10946676, 434, 0, 0
208, 104, 466, 597, 0, 0, 27.21%, 0, 0, 25, 48723.17, 11200082, 434, 0, 0
213, 106, 367, 598, 0, 0, 27.21%, 0, 0, 25, 52823.41, 11471979, 434, 0, 0
218, 108, 591, 598, 0, 0, 27.21%, 0, 0, 25, 50208.43, 11731208, 434, 0, 0
223, 110, 209, 598, 0, 0, 27.21%, 0, 0, 25, 52323.66, 11997574, 434, 0, 0
228, 112, 320, 598, 0, 0, 27.21%, 0, 0, 25, 51727.84, 12250804, 434, 0, 0
233, 114, 63, 598, 0, 0, 27.21%, 0, 0, 25, 55424.65, 12533024, 434, 0, 0
239, 116, 289, 599, 0, 0, 27.21%, 0, 0, 25, 51150.72, 12805139, 434, 0, 0
244, 118, 471, 600, 0, 0, 27.21%, 0, 0, 25, 46535.33, 13029529, 434, 0, 0
249, 119, 591, 601, 0, 0, 27.21%, 0, 0, 25, 46089.13, 13266653, 434, 0, 0
254, 121, 495, 604, 1, 0, 27.21%, 0, 0, 25, 51028.59, 13525382, 434, 0, 0
259, 123, 72, 604, 1, 0, 27.21%, 0, 0, 25, 55669.87, 13812017, 434, 0, 0
264, 125, 544, 605, 1, 0, 27.21%, 0, 0, 25, 38828.93, 14020315, 434, 0, 0
269, 126, 214, 605, 1, 0, 27.21%, 0, 0, 25, 30269.19, 14160334, 434, 0, 0
274, 128, 575, 605, 1, 0, 27.21%, 0, 0, 25, 43507.96, 14386709, 434, 0, 0
279, 130, 481, 606, 0, 0, 27.21%, 0, 0, 25, 52206.18, 14654737, 434, 0, 0
284, 132, 174, 606, 0, 0, 27.21%, 0, 0, 25, 50748.14, 14904036, 434, 0, 0
290, 134, 195, 607, 1, 0, 27.21%, 0, 0, 25, 54913.07, 15185304, 434, 0, 0
295, 136, 195, 607, 0, 0, 27.21%, 0, 0, 25, 56846.35, 15474971, 434, 0, 0
300, 138, 456, 608, 0, 0, 27.21%, 0, 0, 25, 57066.94, 15764141, 434, 0, 0
305, 141, 506, 609, 0, 0, 27.21%, 0, 0, 25, 55771.85, 16046542, 434, 0, 0
310, 143, 125, 609, 0, 0, 27.21%, 0, 0, 25, 54974.12, 16327407, 434, 0, 0
315, 145, 48, 610, 0, 0, 27.21%, 0, 0, 25, 54389.18, 16602735, 434, 0, 0
320, 147, 99, 610, 0, 0, 27.21%, 0, 0, 25, 53641.14, 16875788, 434, 0, 0
325, 149, 591, 612, 0, 0, 27.21%, 0, 0, 25, 48040.01, 17120831, 434, 0, 0
330, 152, 182, 612, 0, 0, 27.21%, 0, 0, 25, 51238.98, 17382663, 434, 0, 0
335, 154, 396, 613, 0, 0, 27.21%, 0, 0, 25, 54513.20, 17664573, 434, 0, 0
340, 156, 263, 616, 1, 0, 27.21%, 0, 0, 25, 54869.97, 17946911, 434, 0, 0
345, 158, 456, 616, 0, 0, 27.21%, 0, 0, 25, 53268.26, 18218267, 434, 0, 0
350, 161, 337, 616, 0, 0, 27.21%, 0, 0, 25, 49742.43, 18469867, 434, 0, 0
356, 163, 132, 617, 0, 0, 27.21%, 0, 0, 25, 54280.50, 18751654, 434, 0, 0
361, 165, 575, 618, 0, 0, 27.21%, 0, 0, 25, 55388.09, 19031411, 434, 0, 0
366, 167, 418, 618, 0, 0, 27.21%, 0, 0, 25, 53464.19, 19301087, 434, 0, 0
371, 169, 320, 618, 0, 0, 27.21%, 0, 0, 25, 52850.23, 19568988, 434, 0, 0
376, 172, 363, 618, 0, 0, 27.21%, 0, 0, 25, 53704.64, 19844502, 434, 0, 0
381, 174, 418, 618, 0, 0, 27.21%, 0, 0, 25, 52053.53, 20107220, 434, 0, 0
386, 176, 473, 618, 0, 0, 27.21%, 0, 0, 25, 51884.10, 20377230, 434, 0, 0
391, 178, 164, 619, 0, 0, 27.21%, 0, 0, 25, 50408.64, 20637070, 434, 0, 0
396, 180, 575, 619, 0, 0, 27.21%, 0, 0, 25, 52841.39, 20911763, 434, 0, 0
401, 182, 477, 620, 0, 0, 27.21%, 0, 0, 25, 54624.01, 21189909, 434, 0, 0
406, 184, 614, 620, 0, 0, 27.21%, 0, 0, 25, 50655.74, 21444027, 434, 0, 0
411, 186, 473, 620, 0, 0, 27.21%, 0, 0, 25, 47653.99, 21687192, 434, 0, 0
417, 188, 590, 620, 0, 0, 27.21%, 0, 0, 25, 31592.14, 21827524, 434, 0, 0
422, 190, 324, 621, 0, 0, 27.21%, 0, 0, 25, 47658.19, 22081066, 434, 0, 0
427, 192, 451, 622, 0, 0, 27.21%, 0, 0, 25, 51770.29, 22345356, 434, 0, 0
432, 194, 71, 623, 1, 0, 27.21%, 0, 0, 25, 53241.38, 22614342, 434, 0, 0
437, 196, 547, 623, 0, 0, 27.21%, 0, 0, 25, 55039.13, 22896839, 434, 0, 0
442, 198, 225, 623, 0, 0, 27.21%, 0, 0, 25, 52593.11, 23156351, 434, 0, 0
447, 200, 203, 624, 0, 0, 27.21%, 0, 0, 25, 52927.38, 23425787, 434, 0, 0
452, 202, 563, 624, 0, 0, 27.21%, 0, 0, 25, 53728.68, 23695759, 434, 0, 0
457, 204, 207, 624, 0, 0, 27.21%, 0, 0, 25, 55369.21, 23981116, 434, 0, 0
462, 207, 124, 624, 0, 0, 27.21%, 0, 0, 25, 55958.83, 24263955, 434, 0, 0
467, 209, 124, 624, 0, 0, 27.21%, 0, 0, 25, 54313.30, 24540041, 434, 0, 0
472, 211, 473, 626, 0, 0, 27.21%, 0, 0, 25, 54455.47, 24814179, 434, 0, 0
478, 213, 466, 628, 0, 0, 27.21%, 0, 0, 25, 54803.22, 25096472, 434, 0, 0
483, 215, 310, 628, 0, 0, 27.21%, 0, 0, 25, 54436.60, 25372109, 434, 0, 0
488, 217, 212, 628, 0, 0, 27.21%, 0, 0, 25, 53894.02, 25641002, 434, 0, 0
493, 219, 195, 628, 0, 0, 27.21%, 0, 0, 25, 55492.08, 25927770, 434, 0, 0
498, 222, 623, 628, 0, 0, 27.21%, 0, 0, 25, 53373.47, 26201832, 434, 0, 0
503, 224, 384, 629, 0, 0, 27.21%, 0, 0, 25, 52693.60, 26470250, 434, 0, 0
508, 226, 466, 629, 0, 0, 27.21%, 0, 0, 25, 55546.05, 26756357, 434, 0, 0
513, 228, 317, 629, 0, 0, 27.21%, 0, 0, 25, 54185.73, 27024916, 434, 0, 0
514, 228, 63, 629, 0, 0, 27.21%, 0, 0, 25, 54293.57, 27055788, 434, 0, 0
