# relative_time, cycles_done, cur_item, corpus_count, pending_total, pending_favs, map_size, saved_crashes, saved_hangs, max_depth, execs_per_sec, total_execs, edges_found, total_crashes, servers_count
60, 289, 34, 57, 0, 0, 44.09%, 0, 0, 3, 20654.55, 1081696, 41, 0, 0
65, 317, 29, 57, 0, 0, 44.09%, 0, 0, 3, 20043.54, 1183807, 41, 0, 0
70, 342, 0, 57, 0, 0, 44.09%, 0, 0, 3, 19025.27, 1278776, 41, 0, 0
75, 369, 18, 57, 0, 0, 44.09%, 0, 0, 3, 18801.67, 1373024, 41, 0, 0
80, 393, 22, 57, 0, 0, 44.09%, 0, 0, 3, 16546.63, 1456340, 41, 0, 0
85, 414, 13, 57, 0, 0, 44.09%, 0, 0, 3, 16328.04, 1536928, 41, 0, 0
90, 438, 20, 57, 0, 0, 44.09%, 0, 0, 3, 16332.86, 1620995, 41, 0, 0
95, 459, 8, 57, 0, 0, 44.09%, 0, 0, 3, 15463.60, 1696668, 41, 0, 0
100, 482, 0, 57, 0, 0, 44.09%, 0, 0, 3, 15652.97, 1776973, 41, 0, 0
106, 501, 29, 57, 0, 0, 44.09%, 0, 0, 3, 13564.52, 1846315, 41, 0, 0
111, 521, 18, 57, 0, 0, 44.09%, 0, 0, 3, 14890.37, 1920298, 41, 0, 0
116, 543, 35, 57, 0, 0, 44.09%, 0, 0, 3, 15209.53, 1997445, 41, 0, 0
121, 563, 29, 57, 0, 0, 44.09%, 0, 0, 3, 14552.64, 2073252, 41, 0, 0
126, 583, 16, 57, 0, 0, 44.09%, 0, 0, 3, 13214.16, 2141192, 41, 0, 0
131, 601, 29, 57, 0, 0, 44.09%, 0, 0, 3, 13108.38, 2206921, 41, 0, 0
136, 623, 41, 57, 0, 0, 44.09%, 0, 0, 3, 15673.54, 2284363, 41, 0, 0
141, 649, 53, 57, 0, 0, 44.09%, 0, 0, 3, 18501.63, 2380966, 41, 0, 0
146, 671, 2, 58, 0, 0, 45.16%, 0, 0, 3, 19175.65, 2478502, 42, 0, 0
151, 686, 0, 58, 0, 0, 45.16%, 0, 0, 3, 18079.18, 2570817, 42, 0, 0
156, 702, 53, 58, 0, 0, 45.16%, 0, 0, 3, 18416.25, 2661828, 42, 0, 0
161, 719, 0, 58, 0, 0, 45.16%, 0, 0, 3, 19502.03, 2762376, 42, 0, 0
166, 737, 29, 58, 0, 0, 45.16%, 0, 0, 3, 19164.47, 2859025, 42, 0, 0
171, 752, 57, 58, 0, 0, 45.16%, 0, 0, 3, 16968.95, 2948530, 42, 0, 0
177, 766, 57, 58, 0, 0, 45.16%, 0, 0, 3, 16144.17, 3030299, 42, 0, 0
182, 780, 0, 58, 0, 0, 45.16%, 0, 0, 3, 15764.16, 3109198, 42, 0, 0
187, 792, 0, 58, 0, 0, 45.16%, 0, 0, 3, 14045.43, 3181018, 42, 0, 0
192, 805, 0, 58, 0, 0, 45.16%, 0, 0, 3, 15185.85, 3255889, 42, 0, 0
197, 818, 57, 58, 0, 0, 45.16%, 0, 0, 3, 13718.29, 3329641, 42, 0, 0
202, 828, 29, 58, 0, 0, 45.16%, 0, 0, 3, 12849.96, 3391005, 42, 0, 0
207, 841, 0, 58, 0, 0, 45.16%, 0, 0, 3, 14309.38, 3468598, 42, 0, 0
212, 854, 57, 58, 0, 0, 45.16%, 0, 0, 3, 13708.07, 3538450, 42, 0, 0
218, 868, 0, 58, 0, 0, 45.16%, 0, 0, 3, 15380.11, 3617098, 42, 0, 0
223, 881, 16, 58, 0, 0, 45.16%, 0, 0, 3, 14873.29, 3692820, 42, 0, 0
228, 896, 57, 58, 0, 0, 45.16%, 0, 0, 3, 15971.32, 3774885, 42, 0, 0
233, 911, 57, 58, 0, 0, 45.16%, 0, 0, 3, 15928.53, 3857289, 42, 0, 0
238, 924, 0, 58, 0, 0, 45.16%, 0, 0, 3, 16094.77, 3939019, 42, 0, 0
243, 939, 57, 58, 0, 0, 45.16%, 0, 0, 3, 15960.17, 4020497, 42, 0, 0
248, 955, 2, 58, 0, 0, 45.16%, 0, 0, 3, 17760.63, 4112817, 42, 0, 0
253, 972, 29, 58, 0, 0, 45.16%, 0, 0, 3, 18491.08, 4208186, 42, 0, 0
258, 989, 56, 58, 0, 0, 45.16%, 0, 0, 3, 17891.08, 4300277, 42, 0, 0
264, 1004, 36, 58, 0, 0, 45.16%, 0, 0, 3, 15838.71, 4382176, 42, 0, 0
269, 1018, 57, 58, 0, 0, 45.16%, 0, 0, 3, 16203.28, 4463581, 42, 0, 0
274, 1032, 57, 58, 0, 0, 45.16%, 0, 0, 3, 16547.64, 4548172, 42, 0, 0
279, 1047, 57, 58, 0, 0, 45.16%, 0, 0, 3, 16946.48, 4637154, 42, 0, 0
284, 1062, 57, 58, 0, 0, 45.16%, 0, 0, 3, 15942.39, 4718243, 42, 0, 0
289, 1077, 52, 58, 0, 0, 45.16%, 0, 0, 3, 16114.61, 4802337, 42, 0, 0
294, 1087, 57, 58, 0, 0, 45.16%, 0, 0, 3, 10989.31, 4856927, 42, 0, 0
299, 1098, 0, 58, 0, 0, 45.16%, 0, 0, 3, 12266.44, 4918434, 42, 0, 0
304, 1110, 43, 58, 0, 0, 45.16%, 0, 0, 3, 12649.59, 4984435, 42, 0, 0
310, 1123, 19, 58, 0, 0, 45.16%, 0, 0, 3, 14547.03, 5060518, 42, 0, 0
315, 1137, 46, 58, 0, 0, 45.16%, 0, 0, 3, 15900.79, 5142048, 42, 0, 0
320, 1154, 57, 58, 0, 0, 45.16%, 0, 0, 3, 17353.18, 5232259, 42, 0, 0
325, 1168, 0, 58, 0, 0, 45.16%, 0, 0, 3, 15065.10, 5312310, 42, 0, 0
330, 1179, 57, 58, 0, 0, 45.16%, 0, 0, 3, 13850.20, 5374527, 42, 0, 0
335, 1191, 57, 58, 0, 0, 45.16%, 0, 0, 3, 14415.32, 5446654, 42, 0, 0
340, 1205, 57, 58, 0, 0, 45.16%, 0, 0, 3, 15516.91, 5525183, 42, 0, 0
345, 1222, 2, 58, 0, 0, 45.16%, 0, 0, 3, 18568.68, 5621698, 42, 0, 0
350, 1239, 57, 58, 0, 0, 45.16%, 0, 0, 3, 19147.87, 5719277, 42, 0, 0
356, 1255, 33, 58, 0, 0, 45.16%, 0, 0, 3, 18284.01, 5813039, 42, 0, 0
361, 1272, 0, 58, 0, 0, 45.16%, 0, 0, 3, 19285.58, 5912499, 42, 0, 0
366, 1290, 2, 58, 0, 0, 45.16%, 0, 0, 3, 19250.77, 6010385, 42, 0, 0
371, 1307, 57, 58, 0, 0, 45.16%, 0, 0, 3, 19472.40, 6109654, 42, 0, 0
376, 1324, 0, 58, 0, 0, 45.16%, 0, 0, 3, 18830.96, 6207256, 42, 0, 0
381, 1339, 32, 58, 0, 0, 45.16%, 0, 0, 3, 18111.91, 6299476, 42, 0, 0
386, 1355, 27, 58, 0, 0, 45.16%, 0, 0, 3, 16144.16, 6381935, 42, 0, 0
391, 1369, 57, 58, 0, 0, 45.16%, 0, 0, 3, 17034.61, 6467191, 42, 0, 0
396, 1384, 0, 58, 0, 0, 45.16%, 0, 0, 3, 17009.91, 6553796, 42, 0, 0
401, 1400, 57, 58, 0, 0, 45.16%, 0, 0, 3, 18353.61, 6649444, 42, 0, 0
407, 1417, 57, 58, 0, 0, 45.16%, 0, 0, 3, 18447.29, 6743625, 42, 0, 0
412, 1434, 57, 58, 0, 0, 45.16%, 0, 0, 3, 18689.37, 6838560, 42, 0, 0
417, 1450, 2, 58, 0, 0, 45.16%, 0, 0, 3, 17818.43, 6929330, 42, 0, 0
422, 1465, 8, 58, 0, 0, 45.16%, 0, 0, 3, 17020.60, 7017096, 42, 0, 0
427, 1480, 32, 58, 0, 0, 45.16%, 0, 0, 3, 15998.19, 7100240, 42, 0, 0
432, 1497, 5, 58, 0, 0, 45.16%, 0, 0, 3, 17301.83, 7189562, 42, 0, 0
437, 1513, 7, 58, 0, 0, 45.16%, 0, 0, 3, 17874.76, 7281231, 42, 0, 0
442, 1528, 57, 58, 0, 0, 45.16%, 0, 0, 3, 17615.56, 7370880, 42, 0, 0
447, 1544, 11, 58, 0, 0, 45.16%, 0, 0, 3, 17668.33, 7460985, 42, 0, 0
453, 1560, 57, 58, 0, 0, 45.16%, 0, 0, 3, 16951.21, 7547807, 42, 0, 0
458, 1573, 18, 58, 0, 0, 45.16%, 0, 0, 3, 14108.78, 7618632, 42, 0, 0
463, 1586, 2, 58, 0, 0, 45.16%, 0, 0, 3, 13519.66, 7687445, 42, 0, 0
468, 1600, 35, 58, 0, 0, 45.16%, 0, 0, 3, 14731.05, 7765987, 42, 0, 0
473, 1611, 33, 58, 0, 0, 45.16%, 0, 0, 3, 14081.17, 7834022, 42, 0, 0
478, 1622, 57, 58, 0, 0, 45.16%, 0, 0, 3, 13131.39, 7899380, 42, 0, 0
483, 1636, 29, 58, 0, 0, 45.16%, 0, 0, 3, 14145.11, 7974601, 42, 0, 0
488, 1646, 29, 58, 0, 0, 45.16%, 0, 0, 3, 12414.54, 8032022, 42, 0, 0
493, 1659, 57, 58, 0, 0, 45.16%, 0, 0, 3, 14677.05, 8110020, 42, 0, 0
499, 1672, 57, 58, 0, 0, 45.16%, 0, 0, 3, 15759.16, 8190314, 42, 0, 0
504, 1688, 57, 58, 0, 0, 45.16%, 0, 0, 3, 16996.63, 8277453, 42, 0, 0
509, 1702, 0, 58, 0, 0, 45.16%, 0, 0, 3, 14904.92, 8352141, 42, 0, 0
514, 1718, 22, 58, 0, 0, 45.16%, 0, 0, 3, 18192.55, 8442099, 42, 0, 0
519, 1737, 21, 58, 0, 0, 45.16%, 0, 0, 3, 21426.35, 8555344, 42, 0, 0
524, 1757, 29, 58, 0, 0, 45.16%, 0, 0, 3, 21950.99, 8666623, 42, 0, 0
529, 1777, 15, 58, 0, 0, 45.16%, 0, 0, 3, 21903.47, 8779077, 42, 0, 0
534, 1796, 57, 58, 0, 0, 45.16%, 0, 0, 3, 21990.36, 8892745, 42, 0, 0
539, 1818, 16, 58, 0, 0, 45.16%, 0, 0, 3, 22380.94, 9008369, 42, 0, 0
545, 1837, 36, 58, 0, 0, 45.16%, 0, 0, 3, 22004.98, 9120053, 42, 0, 0
550, 1858, 31, 58, 0, 0, 45.16%, 0, 0, 3, 22484.14, 9235776, 42, 0, 0
555, 1878, 19, 58, 0, 0, 45.16%, 0, 0, 3, 22159.08, 9347730, 42, 0, 0
560, 1897, 57, 58, 0, 0, 45.16%, 0, 0, 3, 21964.12, 9461189, 42, 0, 0
565, 1917, 57, 58, 0, 0, 45.16%, 0, 0, 3, 22159.47, 9575580, 42, 0, 0
570, 1936, 57, 58, 0, 0, 45.16%, 0, 0, 3, 22211.17, 9688846, 42, 0, 0
575, 1956, 57, 58, 0, 0, 45.16%, 0, 0, 3, 21371.32, 9796846, 42, 0, 0
580, 1975, 20, 58, 0, 0, 45.16%, 0, 0, 3, 21960.40, 9908406, 42, 0, 0
586, 1995, 54, 58, 0, 0, 45.16%, 0, 0, 3, 21755.95, 10019818, 42, 0, 0
591, 2015, 0, 58, 0, 0, 45.16%, 0, 0, 3, 21722.93, 10129873, 42, 0, 0
596, 2034, 7, 58, 0, 0, 45.16%, 0, 0, 3, 21813.27, 10241851, 42, 0, 0
