# relative_time, cycles_done, cur_item, corpus_count, pending_total, pending_favs, map_size, saved_crashes, saved_hangs, max_depth, execs_per_sec, total_execs, edges_found, total_crashes, servers_count
60, 65, 1, 2, 0, 0, 9.95%, 0, 0, 1, 372.42, 26380, 22, 0, 0
65, 70, 1, 2, 0, 0, 9.95%, 0, 0, 1, 389.37, 28350, 22, 0, 0
71, 76, 0, 2, 0, 0, 9.95%, 0, 0, 1, 430.32, 30621, 22, 0, 0
76, 82, 1, 2, 0, 0, 9.95%, 0, 0, 1, 441.52, 32913, 22, 0, 0
81, 87, 1, 2, 0, 0, 9.95%, 0, 0, 1, 423.16, 35113, 22, 0, 0
86, 92, 1, 2, 0, 0, 9.95%, 0, 0, 1, 430.69, 37261, 22, 0, 0
91, 98, 0, 2, 0, 0, 9.95%, 0, 0, 1, 436.95, 39537, 22, 0, 0
96, 104, 1, 2, 0, 0, 9.95%, 0, 0, 1, 443.60, 41837, 22, 0, 0
101, 110, 1, 2, 0, 0, 9.95%, 0, 0, 1, 434.12, 44097, 22, 0, 0
106, 115, 1, 2, 0, 0, 9.95%, 0, 0, 1, 440.33, 46305, 22, 0, 0
112, 121, 1, 2, 0, 0, 9.95%, 0, 0, 1, 444.17, 48589, 22, 0, 0
117, 126, 1, 2, 0, 0, 9.95%, 0, 0, 1, 438.30, 50753, 22, 0, 0
122, 132, 1, 2, 0, 0, 9.95%, 0, 0, 1, 416.57, 52945, 22, 0, 0
127, 137, 0, 2, 0, 0, 9.95%, 0, 0, 1, 395.83, 54973, 22, 0, 0
132, 142, 1, 2, 0, 0, 9.95%, 0, 0, 1, 395.17, 56908, 22, 0, 0
137, 147, 1, 2, 0, 0, 9.95%, 0, 0, 1, 421.13, 59105, 22, 0, 0
142, 153, 1, 2, 0, 0, 9.95%, 0, 0, 1, 411.52, 61281, 22, 0, 0
147, 158, 1, 2, 0, 0, 9.95%, 0, 0, 1, 404.72, 63305, 22, 0, 0
152, 162, 1, 2, 0, 0, 9.95%, 0, 0, 1, 394.42, 65271, 22, 0, 0
158, 168, 1, 2, 0, 0, 9.95%, 0, 0, 1, 404.32, 67289, 22, 0, 0
163, 173, 0, 2, 0, 0, 9.95%, 0, 0, 1, 437.55, 69581, 22, 0, 0
168, 179, 1, 2, 0, 0, 9.95%, 0, 0, 1, 438.68, 71869, 22, 0, 0
173, 185, 1, 2, 0, 0, 9.95%, 0, 0, 1, 446.06, 74172, 22, 0, 0
178, 190, 1, 2, 0, 0, 9.95%, 0, 0, 1, 437.85, 76361, 22, 0, 0
183, 196, 1, 2, 0, 0, 9.95%, 0, 0, 1, 439.17, 78545, 22, 0, 0
188, 201, 1, 2, 0, 0, 9.95%, 0, 0, 1, 443.40, 80837, 22, 0, 0
193, 207, 1, 2, 0, 0, 9.95%, 0, 0, 1, 435.48, 83013, 22, 0, 0
198, 213, 1, 2, 0, 0, 9.95%, 0, 0, 1, 440.92, 85313, 22, 0, 0
203, 218, 1, 2, 0, 0, 9.95%, 0, 0, 1, 414.20, 87421, 22, 0, 0
209, 223, 1, 2, 0, 0, 9.95%, 0, 0, 1, 427.23, 89629, 22, 0, 0
214, 229, 1, 2, 0, 0, 9.95%, 0, 0, 1, 435.06, 91913, 22, 0, 0
219, 234, 1, 2, 0, 0, 9.95%, 0, 0, 1, 433.72, 94061, 22, 0, 0
224, 240, 1, 2, 0, 0, 9.95%, 0, 0, 1, 440.54, 96281, 22, 0, 0
229, 246, 0, 2, 0, 0, 9.95%, 0, 0, 1, 438.78, 98545, 22, 0, 0
234, 251, 1, 2, 0, 0, 9.95%, 0, 0, 1, 440.75, 100845, 22, 0, 0
239, 257, 1, 2, 0, 0, 9.95%, 0, 0, 1, 432.21, 103021, 22, 0, 0
244, 263, 0, 2, 0, 0, 9.95%, 0, 0, 1, 441.19, 105305, 22, 0, 0
250, 268, 1, 2, 0, 0, 9.95%, 0, 0, 1, 434.98, 107569, 22, 0, 0
255, 274, 1, 2, 0, 0, 9.95%, 0, 0, 1, 440.65, 109861, 22, 0, 0
260, 280, 1, 2, 0, 0, 9.95%, 0, 0, 1, 441.05, 112153, 22, 0, 0
265, 285, 1, 2, 0, 0, 9.95%, 0, 0, 1, 432.59, 114329, 22, 0, 0
270, 291, 1, 2, 0, 0, 9.95%, 0, 0, 1, 431.96, 116553, 22, 0, 0
275, 296, 1, 2, 0, 0, 9.95%, 0, 0, 1, 421.34, 118672, 22, 0, 0
280, 301, 1, 2, 0, 0, 9.95%, 0, 0, 1, 406.87, 120705, 22, 0, 0
285, 306, 1, 2, 0, 0, 9.95%, 0, 0, 1, 410.30, 122781, 22, 0, 0
291, 312, 0, 2, 0, 0, 9.95%, 0, 0, 1, 430.01, 125037, 22, 0, 0
296, 317, 0, 2, 0, 0, 9.95%, 0, 0, 1, 412.92, 127069, 22, 0, 0
301, 322, 0, 2, 0, 0, 9.95%, 0, 0, 1, 401.96, 129097, 22, 0, 0
306, 327, 1, 2, 0, 0, 9.95%, 0, 0, 1, 381.78, 131036, 22, 0, 0
311, 332, 1, 2, 0, 0, 9.95%, 0, 0, 1, 402.92, 133113, 22, 0, 0
316, 337, 1, 2, 0, 0, 9.95%, 0, 0, 1, 387.16, 135064, 22, 0, 0
321, 342, 1, 2, 0, 0, 9.95%, 0, 0, 1, 373.84, 136936, 22, 0, 0
326, 346, 1, 2, 0, 0, 9.95%, 0, 0, 1, 376.39, 138822, 22, 0, 0
331, 351, 1, 2, 0, 0, 9.95%, 0, 0, 1, 346.90, 140569, 22, 0, 0
336, 356, 1, 2, 0, 0, 9.95%, 0, 0, 1, 383.80, 142580, 22, 0, 0
341, 362, 1, 2, 0, 0, 9.95%, 0, 0, 1, 462.76, 145045, 22, 0, 0
347, 368, 1, 2, 0, 0, 9.95%, 0, 0, 1, 483.62, 147545, 22, 0, 0
352, 374, 1, 2, 0, 0, 9.95%, 0, 0, 1, 474.08, 149945, 22, 0, 0
357, 380, 0, 2, 0, 0, 9.95%, 0, 0, 1, 471.40, 152272, 22, 0, 0
362, 386, 1, 2, 0, 0, 9.95%, 0, 0, 1, 469.93, 154645, 22, 0, 0
367, 392, 1, 2, 0, 0, 9.95%, 0, 0, 1, 464.98, 157009, 22, 0, 0
372, 398, 1, 2, 0, 0, 9.95%, 0, 0, 1, 469.45, 159400, 22, 0, 0
377, 404, 1, 2, 0, 0, 9.95%, 0, 0, 1, 465.26, 161763, 22, 0, 0
382, 410, 0, 2, 0, 0, 9.95%, 0, 0, 1, 465.50, 164145, 22, 0, 0
387, 416, 1, 2, 0, 0, 9.95%, 0, 0, 1, 504.76, 166733, 22, 0, 0
392, 423, 0, 2, 0, 0, 9.95%, 0, 0, 1, 512.02, 169343, 22, 0, 0
397, 429, 1, 2, 0, 0, 9.95%, 0, 0, 1, 479.58, 171754, 22, 0, 0
402, 435, 1, 2, 0, 0, 9.95%, 0, 0, 1, 466.92, 174082, 22, 0, 0
408, 440, 1, 2, 0, 0, 9.95%, 0, 0, 1, 447.66, 176381, 22, 0, 0
413, 446, 1, 2, 0, 0, 9.95%, 0, 0, 1, 431.82, 178553, 22, 0, 0
418, 451, 0, 2, 0, 0, 9.95%, 0, 0, 1, 431.21, 180721, 22, 0, 0
423, 457, 1, 2, 0, 0, 9.95%, 0, 0, 1, 430.68, 182889, 22, 0, 0
428, 462, 1, 2, 0, 0, 9.95%, 0, 0, 1, 437.08, 185081, 22, 0, 0
433, 468, 1, 2, 0, 0, 9.95%, 0, 0, 1, 422.81, 187305, 22, 0, 0
438, 473, 1, 2, 0, 0, 9.95%, 0, 0, 1, 404.49, 189353, 22, 0, 0
443, 478, 1, 2, 0, 0, 9.95%, 0, 0, 1, 415.87, 191497, 22, 0, 0
448, 483, 1, 2, 0, 0, 9.95%, 0, 0, 1, 410.53, 193589, 22, 0, 0
453, 488, 1, 2, 0, 0, 9.95%, 0, 0, 1, 417.56, 195672, 22, 0, 0
458, 494, 1, 2, 0, 0, 9.95%, 0, 0, 1, 400.04, 197705, 22, 0, 0
463, 499, 1, 2, 0, 0, 9.95%, 0, 0, 1, 397.26, 199771, 22, 0, 0
468, 504, 1, 2, 0, 0, 9.95%, 0, 0, 1, 394.66, 201736, 22, 0, 0
473, 508, 1, 2, 0, 0, 9.95%, 0, 0, 1, 360.42, 203543, 22, 0, 0
479, 512, 0, 2, 0, 0, 9.95%, 0, 0, 1, 353.79, 205250, 22, 0, 0
484, 518, 1, 2, 0, 0, 9.95%, 0, 0, 1, 419.40, 207413, 22, 0, 0
489, 524, 1, 2, 0, 0, 9.95%, 0, 0, 1, 436.90, 209705, 22, 0, 0
494, 528, 1, 2, 0, 0, 9.95%, 0, 0, 1, 388.54, 211671, 22, 0, 0
499, 534, 1, 2, 0, 0, 9.95%, 0, 0, 1, 404.09, 213713, 22, 0, 0
504, 539, 1, 2, 0, 0, 9.95%, 0, 0, 1, 404.87, 215813, 22, 0, 0
509, 543, 1, 2, 0, 0, 9.95%, 0, 0, 1, 356.24, 217550, 22, 0, 0
514, 548, 1, 2, 0, 0, 9.95%, 0, 0, 1, 349.81, 219351, 22, 0, 0
519, 552, 1, 2, 0, 0, 9.95%, 0, 0, 1, 369.95, 221250, 22, 0, 0
524, 557, 1, 2, 0, 0, 9.95%, 0, 0, 1, 390.47, 223194, 22, 0, 0
529, 562, 1, 2, 0, 0, 9.95%, 0, 0, 1, 399.68, 225269, 22, 0, 0
535, 568, 0, 2, 0, 0, 9.95%, 0, 0, 1, 425.78, 227489, 22, 0, 0
540, 574, 1, 2, 0, 0, 9.95%, 0, 0, 1, 434.98, 229681, 22, 0, 0
545, 579, 1, 2, 0, 0, 9.95%, 0, 0, 1, 439.05, 231961, 22, 0, 0
550, 585, 1, 2, 0, 0, 9.95%, 0, 0, 1, 439.49, 234245, 22, 0, 0
555, 590, 1, 2, 0, 0, 9.95%, 0, 0, 1, 427.63, 236413, 22, 0, 0
560, 595, 1, 2, 0, 0, 9.95%, 0, 0, 1, 413.61, 238445, 22, 0, 0
565, 601, 1, 2, 0, 0, 9.95%, 0, 0, 1, 436.22, 240653, 22, 0, 0
570, 607, 1, 2, 0, 0, 9.95%, 0, 0, 1, 439.56, 242929, 22, 0, 0
575, 612, 1, 2, 0, 0, 9.95%, 0, 0, 1, 430.51, 245169, 22, 0, 0
581, 618, 1, 2, 0, 0, 9.95%, 0, 0, 1, 438.97, 247437, 22, 0, 0
586, 624, 1, 2, 0, 0, 9.95%, 0, 0, 1, 437.92, 249721, 22, 0, 0
591, 629, 1, 2, 0, 0, 9.95%, 0, 0, 1, 413.07, 251761, 22, 0, 0
596, 634, 1, 2, 0, 0, 9.95%, 0, 0, 1, 416.78, 253869, 22, 0, 0
601, 639, 1, 2, 0, 0, 9.95%, 0, 0, 1, 405.55, 255929, 22, 0, 0
606, 645, 1, 2, 0, 0, 9.95%, 0, 0, 1, 422.82, 258089, 22, 0, 0
611, 650, 0, 2, 0, 0, 9.95%, 0, 0, 1, 410.51, 260187, 22, 0, 0
